spatial_id;temporal_id;label
1;1;0
1;2;0
1;3;0
1;4;0
1;5;0
1;6;1
1;7;0
1;8;1
2;1;0
2;2;0
2;3;0
2;4;0
2;5;0
2;6;0
2;7;1
2;8;1
3;1;0
3;2;0
3;3;0
3;4;0
3;5;0
3;6;0
3;7;0
3;8;0
4;1;0
4;2;0
4;3;1
4;4;0
4;5;0
4;6;0
4;7;0
4;8;0
5;1;0
5;2;0
5;3;1
5;4;0
5;5;0
5;6;0
5;7;0
5;8;0
6;1;0
6;2;0
6;3;0
6;4;0
6;5;0
6;6;1
6;7;0
6;8;0
7;1;0
7;2;0
7;3;0
7;4;0
7;5;0
7;6;1
7;7;1
7;8;0
8;1;0
8;2;0
8;3;0
8;4;1
8;5;0
8;6;0
8;7;0
8;8;0
9;1;0
9;2;0
9;3;0
9;4;0
9;5;0
9;6;0
9;7;0
9;8;0
10;1;0
10;2;0
10;3;0
10;4;1
10;5;1
10;6;0
10;7;0
10;8;0
11;1;0
11;2;0
11;3;0
11;4;1
11;5;0
11;6;0
11;7;0
11;8;0
12;1;0
12;2;0
12;3;0
12;4;1
12;5;1
12;6;1
12;7;1
12;8;0
13;1;0
13;2;0
13;3;0
13;4;0
13;5;0
13;6;1
13;7;0
13;8;0
14;1;0
14;2;0
14;3;0
14;4;0
14;5;1
14;6;0
14;7;0
14;8;1
15;1;0
15;2;0
15;3;0
15;4;0
15;5;0
15;6;0
15;7;1
15;8;0
16;1;0
16;2;0
16;3;0
16;4;0
16;5;0
16;6;0
16;7;0
16;8;0
17;1;0
17;2;0
17;3;0
17;4;0
17;5;0
17;6;0
17;7;1
17;8;0
18;1;0
18;2;0
18;3;0
18;4;0
18;5;0
18;6;1
18;7;0
18;8;0
19;1;0
19;2;0
19;3;0
19;4;0
19;5;0
19;6;0
19;7;0
19;8;0
20;1;0
20;2;0
20;3;0
20;4;0
20;5;0
20;6;0
20;7;0
20;8;0
21;1;0
21;2;0
21;3;0
21;4;0
21;5;0
21;6;0
21;7;0
21;8;0
22;1;0
22;2;0
22;3;0
22;4;0
22;5;0
22;6;0
22;7;0
22;8;0
23;1;0
23;2;0
23;3;0
23;4;0
23;5;0
23;6;0
23;7;0
23;8;1
24;1;0
24;2;1
24;3;0
24;4;0
24;5;1
24;6;0
24;7;0
24;8;0
25;1;0
25;2;0
25;3;0
25;4;0
25;5;0
25;6;1
25;7;0
25;8;0
26;1;0
26;2;0
26;3;0
26;4;0
26;5;0
26;6;0
26;7;0
26;8;0
27;1;0
27;2;0
27;3;0
27;4;0
27;5;0
27;6;0
27;7;1
27;8;0
28;1;0
28;2;0
28;3;0
28;4;0
28;5;1
28;6;0
28;7;1
28;8;0
29;1;0
29;2;0
29;3;0
29;4;0
29;5;0
29;6;0
29;7;0
29;8;0
30;1;0
30;2;0
30;3;0
30;4;0
30;5;0
30;6;0
30;7;0
30;8;1
31;1;0
31;2;0
31;3;0
31;4;0
31;5;0
31;6;0
31;7;0
31;8;0
32;1;0
32;2;0
32;3;0
32;4;0
32;5;0
32;6;0
32;7;0
32;8;0
33;1;0
33;2;0
33;3;0
33;4;1
33;5;0
33;6;1
33;7;0
33;8;0
34;1;0
34;2;0
34;3;0
34;4;0
34;5;1
34;6;0
34;7;0
34;8;0
35;1;0
35;2;0
35;3;0
35;4;0
35;5;0
35;6;0
35;7;0
35;8;0
36;1;0
36;2;0
36;3;0
36;4;1
36;5;0
36;6;1
36;7;0
36;8;1
37;1;0
37;2;0
37;3;1
37;4;0
37;5;0
37;6;0
37;7;0
37;8;0
38;1;0
38;2;0
38;3;0
38;4;0
38;5;0
38;6;0
38;7;0
38;8;0
39;1;0
39;2;0
39;3;0
39;4;0
39;5;0
39;6;0
39;7;0
39;8;1
40;1;0
40;2;0
40;3;0
40;4;1
40;5;1
40;6;1
40;7;0
40;8;1
41;1;0
41;2;0
41;3;0
41;4;0
41;5;0
41;6;0
41;7;0
41;8;0
42;1;0
42;2;0
42;3;0
42;4;1
42;5;0
42;6;0
42;7;0
42;8;0
43;1;0
43;2;0
43;3;0
43;4;0
43;5;0
43;6;0
43;7;0
43;8;0
44;1;0
44;2;0
44;3;0
44;4;0
44;5;0
44;6;0
44;7;0
44;8;0
45;1;0
45;2;0
45;3;0
45;4;0
45;5;0
45;6;0
45;7;1
45;8;0
46;1;0
46;2;0
46;3;1
46;4;0
46;5;0
46;6;0
46;7;1
46;8;0
47;1;0
47;2;0
47;3;0
47;4;0
47;5;0
47;6;0
47;7;0
47;8;1
48;1;0
48;2;0
48;3;1
48;4;0
48;5;0
48;6;0
48;7;0
48;8;0
49;1;0
49;2;0
49;3;0
49;4;0
49;5;1
49;6;0
49;7;1
49;8;0
50;1;0
50;2;0
50;3;1
50;4;0
50;5;0
50;6;0
50;7;0
50;8;0
51;1;0
51;2;0
51;3;0
51;4;1
51;5;0
51;6;0
51;7;0
51;8;0
52;1;0
52;2;1
52;3;0
52;4;0
52;5;0
52;6;0
52;7;0
52;8;0
53;1;0
53;2;0
53;3;1
53;4;0
53;5;0
53;6;0
53;7;0
53;8;0
54;1;0
54;2;0
54;3;1
54;4;0
54;5;0
54;6;0
54;7;0
54;8;0
55;1;0
55;2;0
55;3;1
55;4;0
55;5;0
55;6;0
55;7;1
55;8;0
56;1;0
56;2;0
56;3;1
56;4;0
56;5;1
56;6;0
56;7;0
56;8;0
57;1;0
57;2;0
57;3;0
57;4;0
57;5;0
57;6;0
57;7;0
57;8;1
58;1;0
58;2;0
58;3;0
58;4;0
58;5;0
58;6;0
58;7;0
58;8;0
59;1;0
59;2;0
59;3;0
59;4;0
59;5;0
59;6;0
59;7;0
59;8;0
60;1;0
60;2;0
60;3;0
60;4;0
60;5;0
60;6;0
60;7;0
60;8;0
61;1;0
61;2;0
61;3;0
61;4;0
61;5;0
61;6;0
61;7;0
61;8;0
62;1;0
62;2;0
62;3;0
62;4;0
62;5;0
62;6;1
62;7;0
62;8;0
63;1;0
63;2;0
63;3;0
63;4;0
63;5;0
63;6;0
63;7;0
63;8;0
64;1;0
64;2;0
64;3;0
64;4;1
64;5;0
64;6;0
64;7;0
64;8;0
65;1;0
65;2;0
65;3;0
65;4;1
65;5;0
65;6;0
65;7;0
65;8;0
66;1;0
66;2;0
66;3;0
66;4;0
66;5;0
66;6;1
66;7;0
66;8;0
67;1;0
67;2;0
67;3;0
67;4;0
67;5;0
67;6;1
67;7;0
67;8;0
68;1;0
68;2;0
68;3;0
68;4;0
68;5;0
68;6;0
68;7;0
68;8;0
69;1;0
69;2;0
69;3;0
69;4;0
69;5;0
69;6;1
69;7;0
69;8;0
70;1;0
70;2;0
70;3;0
70;4;1
70;5;0
70;6;0
70;7;0
70;8;0
71;1;0
71;2;0
71;3;0
71;4;0
71;5;0
71;6;1
71;7;0
71;8;0
72;1;0
72;2;0
72;3;0
72;4;0
72;5;0
72;6;0
72;7;0
72;8;0
73;1;1
73;2;0
73;3;1
73;4;0
73;5;0
73;6;1
73;7;0
73;8;0
74;1;0
74;2;0
74;3;0
74;4;0
74;5;1
74;6;1
74;7;1
74;8;0
75;1;0
75;2;0
75;3;0
75;4;0
75;5;1
75;6;0
75;7;1
75;8;0
76;1;0
76;2;0
76;3;0
76;4;0
76;5;0
76;6;0
76;7;1
76;8;0
77;1;0
77;2;0
77;3;0
77;4;0
77;5;0
77;6;0
77;7;0
77;8;0
78;1;0
78;2;0
78;3;0
78;4;0
78;5;0
78;6;0
78;7;0
78;8;0
79;1;0
79;2;0
79;3;0
79;4;0
79;5;0
79;6;1
79;7;0
79;8;0
80;1;0
80;2;0
80;3;0
80;4;1
80;5;0
80;6;0
80;7;0
80;8;0
81;1;0
81;2;0
81;3;0
81;4;0
81;5;0
81;6;1
81;7;0
81;8;0
82;1;0
82;2;0
82;3;0
82;4;0
82;5;0
82;6;0
82;7;0
82;8;0
83;1;0
83;2;0
83;3;0
83;4;0
83;5;1
83;6;1
83;7;0
83;8;0
84;1;0
84;2;0
84;3;0
84;4;1
84;5;0
84;6;0
84;7;1
84;8;0
85;1;0
85;2;0
85;3;0
85;4;0
85;5;0
85;6;0
85;7;0
85;8;0
86;1;1
86;2;0
86;3;0
86;4;0
86;5;0
86;6;0
86;7;0
86;8;1
87;1;0
87;2;0
87;3;1
87;4;0
87;5;0
87;6;1
87;7;0
87;8;1
88;1;0
88;2;0
88;3;0
88;4;0
88;5;0
88;6;0
88;7;0
88;8;0
89;1;0
89;2;0
89;3;0
89;4;0
89;5;0
89;6;0
89;7;1
89;8;0
90;1;0
90;2;0
90;3;0
90;4;0
90;5;1
90;6;0
90;7;0
90;8;1
91;1;0
91;2;0
91;3;0
91;4;0
91;5;1
91;6;0
91;7;0
91;8;0
92;1;0
92;2;0
92;3;0
92;4;0
92;5;1
92;6;0
92;7;0
92;8;0
93;1;0
93;2;0
93;3;0
93;4;0
93;5;0
93;6;1
93;7;0
93;8;0
94;1;0
94;2;0
94;3;0
94;4;0
94;5;1
94;6;0
94;7;0
94;8;1
95;1;0
95;2;0
95;3;0
95;4;0
95;5;1
95;6;0
95;7;0
95;8;1
96;1;0
96;2;0
96;3;1
96;4;0
96;5;0
96;6;0
96;7;0
96;8;0
97;1;0
97;2;0
97;3;0
97;4;0
97;5;0
97;6;1
97;7;0
97;8;0
98;1;0
98;2;0
98;3;1
98;4;0
98;5;0
98;6;0
98;7;0
98;8;0
99;1;0
99;2;0
99;3;0
99;4;0
99;5;0
99;6;1
99;7;0
99;8;0
100;1;0
100;2;1
100;3;0
100;4;0
100;5;0
100;6;0
100;7;0
100;8;0
101;1;0
101;2;0
101;3;0
101;4;0
101;5;0
101;6;0
101;7;0
101;8;0
102;1;0
102;2;0
102;3;0
102;4;0
102;5;0
102;6;0
102;7;0
102;8;0
103;1;0
103;2;0
103;3;0
103;4;0
103;5;0
103;6;0
103;7;0
103;8;1
104;1;0
104;2;0
104;3;0
104;4;0
104;5;0
104;6;0
104;7;0
104;8;0
105;1;0
105;2;0
105;3;0
105;4;0
105;5;0
105;6;0
105;7;0
105;8;0
106;1;0
106;2;0
106;3;0
106;4;0
106;5;1
106;6;0
106;7;0
106;8;0
107;1;0
107;2;0
107;3;0
107;4;0
107;5;0
107;6;0
107;7;0
107;8;0
108;1;0
108;2;0
108;3;0
108;4;0
108;5;0
108;6;1
108;7;0
108;8;0
109;1;0
109;2;0
109;3;0
109;4;0
109;5;1
109;6;0
109;7;0
109;8;0
110;1;0
110;2;0
110;3;0
110;4;0
110;5;1
110;6;0
110;7;0
110;8;1
111;1;0
111;2;0
111;3;0
111;4;1
111;5;1
111;6;0
111;7;0
111;8;0
112;1;0
112;2;0
112;3;0
112;4;0
112;5;1
112;6;0
112;7;0
112;8;0
113;1;0
113;2;0
113;3;0
113;4;0
113;5;0
113;6;0
113;7;0
113;8;0
114;1;0
114;2;0
114;3;0
114;4;0
114;5;0
114;6;0
114;7;0
114;8;0
115;1;0
115;2;0
115;3;0
115;4;0
115;5;0
115;6;0
115;7;0
115;8;0
116;1;0
116;2;1
116;3;0
116;4;0
116;5;1
116;6;0
116;7;0
116;8;0
117;1;0
117;2;1
117;3;0
117;4;0
117;5;1
117;6;1
117;7;1
117;8;0
118;1;0
118;2;0
118;3;0
118;4;0
118;5;0
118;6;0
118;7;1
118;8;0
119;1;0
119;2;0
119;3;0
119;4;0
119;5;0
119;6;0
119;7;0
119;8;0
120;1;0
120;2;1
120;3;0
120;4;0
120;5;0
120;6;1
120;7;1
120;8;0
121;1;0
121;2;0
121;3;0
121;4;0
121;5;0
121;6;0
121;7;0
121;8;0
122;1;0
122;2;0
122;3;0
122;4;0
122;5;0
122;6;0
122;7;0
122;8;1
123;1;0
123;2;0
123;3;0
123;4;1
123;5;1
123;6;1
123;7;0
123;8;0
124;1;0
124;2;0
124;3;0
124;4;0
124;5;0
124;6;0
124;7;0
124;8;1
125;1;0
125;2;0
125;3;0
125;4;0
125;5;0
125;6;0
125;7;0
125;8;0
126;1;0
126;2;0
126;3;1
126;4;0
126;5;0
126;6;0
126;7;1
126;8;0
127;1;0
127;2;0
127;3;0
127;4;0
127;5;0
127;6;1
127;7;0
127;8;0
128;1;0
128;2;0
128;3;0
128;4;0
128;5;0
128;6;1
128;7;0
128;8;0
129;1;0
129;2;0
129;3;0
129;4;0
129;5;0
129;6;0
129;7;0
129;8;0
130;1;0
130;2;0
130;3;0
130;4;0
130;5;0
130;6;0
130;7;1
130;8;0
131;1;0
131;2;0
131;3;0
131;4;0
131;5;0
131;6;1
131;7;0
131;8;0
132;1;0
132;2;0
132;3;0
132;4;0
132;5;0
132;6;0
132;7;0
132;8;1
133;1;0
133;2;0
133;3;0
133;4;1
133;5;1
133;6;1
133;7;0
133;8;0
134;1;0
134;2;0
134;3;0
134;4;0
134;5;0
134;6;0
134;7;1
134;8;0
135;1;0
135;2;0
135;3;0
135;4;0
135;5;1
135;6;0
135;7;0
135;8;0
136;1;0
136;2;0
136;3;0
136;4;0
136;5;0
136;6;1
136;7;0
136;8;0
137;1;0
137;2;0
137;3;0
137;4;0
137;5;0
137;6;0
137;7;0
137;8;0
138;1;0
138;2;0
138;3;0
138;4;1
138;5;0
138;6;1
138;7;0
138;8;0
139;1;0
139;2;0
139;3;0
139;4;0
139;5;1
139;6;0
139;7;0
139;8;0
140;1;0
140;2;0
140;3;0
140;4;0
140;5;1
140;6;0
140;7;0
140;8;0
141;1;0
141;2;0
141;3;1
141;4;0
141;5;0
141;6;0
141;7;0
141;8;0
142;1;0
142;2;0
142;3;0
142;4;0
142;5;1
142;6;0
142;7;0
142;8;0
143;1;0
143;2;1
143;3;0
143;4;0
143;5;1
143;6;0
143;7;0
143;8;0
144;1;0
144;2;0
144;3;0
144;4;0
144;5;0
144;6;0
144;7;1
144;8;1
145;1;0
145;2;0
145;3;0
145;4;0
145;5;1
145;6;0
145;7;0
145;8;0
146;1;0
146;2;0
146;3;0
146;4;0
146;5;0
146;6;0
146;7;0
146;8;1
147;1;0
147;2;0
147;3;0
147;4;0
147;5;0
147;6;0
147;7;0
147;8;0
148;1;0
148;2;0
148;3;0
148;4;0
148;5;0
148;6;0
148;7;1
148;8;0
149;1;0
149;2;0
149;3;0
149;4;0
149;5;0
149;6;0
149;7;1
149;8;0
150;1;0
150;2;1
150;3;0
150;4;0
150;5;0
150;6;0
150;7;0
150;8;0
151;1;0
151;2;0
151;3;0
151;4;0
151;5;0
151;6;0
151;7;0
151;8;0
152;1;0
152;2;0
152;3;0
152;4;0
152;5;0
152;6;1
152;7;0
152;8;0
153;1;0
153;2;1
153;3;0
153;4;0
153;5;1
153;6;1
153;7;0
153;8;0
154;1;0
154;2;0
154;3;0
154;4;0
154;5;0
154;6;0
154;7;0
154;8;0
155;1;0
155;2;0
155;3;0
155;4;0
155;5;1
155;6;0
155;7;1
155;8;0
156;1;0
156;2;0
156;3;0
156;4;0
156;5;0
156;6;0
156;7;0
156;8;1
157;1;0
157;2;0
157;3;1
157;4;1
157;5;0
157;6;1
157;7;0
157;8;0
158;1;0
158;2;0
158;3;0
158;4;1
158;5;0
158;6;0
158;7;0
158;8;0
159;1;0
159;2;0
159;3;0
159;4;0
159;5;0
159;6;1
159;7;0
159;8;0
160;1;0
160;2;0
160;3;0
160;4;0
160;5;0
160;6;0
160;7;1
160;8;0
161;1;0
161;2;0
161;3;0
161;4;0
161;5;1
161;6;0
161;7;1
161;8;0
162;1;0
162;2;0
162;3;0
162;4;0
162;5;0
162;6;0
162;7;0
162;8;0
163;1;0
163;2;0
163;3;0
163;4;0
163;5;0
163;6;1
163;7;0
163;8;0
164;1;0
164;2;0
164;3;0
164;4;0
164;5;0
164;6;0
164;7;1
164;8;0
165;1;0
165;2;0
165;3;0
165;4;0
165;5;0
165;6;1
165;7;0
165;8;0
166;1;0
166;2;1
166;3;1
166;4;1
166;5;0
166;6;0
166;7;0
166;8;0
167;1;1
167;2;0
167;3;0
167;4;0
167;5;0
167;6;0
167;7;0
167;8;0
168;1;0
168;2;0
168;3;0
168;4;1
168;5;0
168;6;0
168;7;0
168;8;0
169;1;0
169;2;0
169;3;0
169;4;1
169;5;0
169;6;1
169;7;0
169;8;1
170;1;0
170;2;0
170;3;0
170;4;1
170;5;0
170;6;0
170;7;0
170;8;0
171;1;0
171;2;0
171;3;0
171;4;1
171;5;0
171;6;1
171;7;0
171;8;0
172;1;0
172;2;0
172;3;0
172;4;0
172;5;0
172;6;0
172;7;0
172;8;0
173;1;0
173;2;0
173;3;0
173;4;0
173;5;1
173;6;0
173;7;0
173;8;0
174;1;0
174;2;0
174;3;1
174;4;0
174;5;0
174;6;0
174;7;0
174;8;1
175;1;0
175;2;0
175;3;0
175;4;0
175;5;0
175;6;0
175;7;0
175;8;0
176;1;0
176;2;0
176;3;0
176;4;0
176;5;0
176;6;1
176;7;0
176;8;1
177;1;0
177;2;0
177;3;1
177;4;0
177;5;0
177;6;1
177;7;0
177;8;0
178;1;0
178;2;0
178;3;0
178;4;1
178;5;0
178;6;1
178;7;0
178;8;0
179;1;0
179;2;0
179;3;0
179;4;0
179;5;0
179;6;0
179;7;0
179;8;0
180;1;0
180;2;1
180;3;1
180;4;0
180;5;0
180;6;0
180;7;1
180;8;0
181;1;0
181;2;0
181;3;0
181;4;0
181;5;0
181;6;0
181;7;0
181;8;0
182;1;0
182;2;0
182;3;1
182;4;0
182;5;1
182;6;0
182;7;1
182;8;0
183;1;0
183;2;0
183;3;1
183;4;1
183;5;0
183;6;1
183;7;0
183;8;0
184;1;0
184;2;0
184;3;0
184;4;1
184;5;0
184;6;0
184;7;0
184;8;0
185;1;0
185;2;0
185;3;0
185;4;0
185;5;0
185;6;1
185;7;0
185;8;0
186;1;0
186;2;0
186;3;0
186;4;0
186;5;0
186;6;0
186;7;0
186;8;0
187;1;0
187;2;0
187;3;0
187;4;1
187;5;0
187;6;0
187;7;0
187;8;1
188;1;1
188;2;0
188;3;0
188;4;0
188;5;1
188;6;0
188;7;1
188;8;0
189;1;0
189;2;0
189;3;0
189;4;0
189;5;0
189;6;0
189;7;0
189;8;0
190;1;0
190;2;0
190;3;0
190;4;0
190;5;0
190;6;0
190;7;0
190;8;0
191;1;0
191;2;0
191;3;0
191;4;0
191;5;0
191;6;0
191;7;0
191;8;1
192;1;0
192;2;0
192;3;0
192;4;0
192;5;0
192;6;0
192;7;0
192;8;0
193;1;0
193;2;1
193;3;0
193;4;0
193;5;0
193;6;0
193;7;0
193;8;0
194;1;1
194;2;0
194;3;0
194;4;0
194;5;0
194;6;0
194;7;1
194;8;0
195;1;0
195;2;0
195;3;0
195;4;1
195;5;0
195;6;0
195;7;0
195;8;0
196;1;0
196;2;0
196;3;0
196;4;0
196;5;0
196;6;0
196;7;0
196;8;0
197;1;0
197;2;0
197;3;0
197;4;1
197;5;0
197;6;0
197;7;1
197;8;0
198;1;0
198;2;0
198;3;0
198;4;0
198;5;0
198;6;0
198;7;0
198;8;0
199;1;0
199;2;1
199;3;0
199;4;1
199;5;0
199;6;0
199;7;0
199;8;0
200;1;0
200;2;0
200;3;0
200;4;1
200;5;0
200;6;1
200;7;0
200;8;0
201;1;0
201;2;0
201;3;0
201;4;0
201;5;0
201;6;0
201;7;0
201;8;0
202;1;0
202;2;0
202;3;0
202;4;0
202;5;1
202;6;1
202;7;0
202;8;0
203;1;0
203;2;0
203;3;0
203;4;1
203;5;1
203;6;0
203;7;0
203;8;0
204;1;1
204;2;0
204;3;0
204;4;0
204;5;0
204;6;0
204;7;0
204;8;0
205;1;0
205;2;0
205;3;0
205;4;0
205;5;1
205;6;0
205;7;0
205;8;0
206;1;0
206;2;0
206;3;0
206;4;0
206;5;0
206;6;0
206;7;0
206;8;0
207;1;0
207;2;0
207;3;0
207;4;0
207;5;0
207;6;0
207;7;1
207;8;0
208;1;0
208;2;0
208;3;0
208;4;0
208;5;0
208;6;0
208;7;0
208;8;0
209;1;0
209;2;1
209;3;1
209;4;0
209;5;0
209;6;0
209;7;0
209;8;0
210;1;0
210;2;0
210;3;1
210;4;1
210;5;1
210;6;0
210;7;0
210;8;0
211;1;0
211;2;0
211;3;0
211;4;1
211;5;0
211;6;0
211;7;0
211;8;1
212;1;1
212;2;0
212;3;0
212;4;0
212;5;0
212;6;1
212;7;0
212;8;0
213;1;0
213;2;0
213;3;0
213;4;0
213;5;0
213;6;1
213;7;0
213;8;0
214;1;0
214;2;0
214;3;0
214;4;0
214;5;0
214;6;0
214;7;0
214;8;0
215;1;0
215;2;0
215;3;0
215;4;0
215;5;0
215;6;0
215;7;0
215;8;0
216;1;1
216;2;0
216;3;0
216;4;1
216;5;1
216;6;0
216;7;1
216;8;0
217;1;0
217;2;0
217;3;0
217;4;0
217;5;0
217;6;1
217;7;0
217;8;0
218;1;0
218;2;0
218;3;0
218;4;0
218;5;1
218;6;0
218;7;0
218;8;0
219;1;0
219;2;0
219;3;0
219;4;0
219;5;0
219;6;1
219;7;0
219;8;0
220;1;0
220;2;0
220;3;0
220;4;0
220;5;0
220;6;0
220;7;1
220;8;1
221;1;0
221;2;0
221;3;0
221;4;0
221;5;0
221;6;0
221;7;1
221;8;0
222;1;0
222;2;1
222;3;0
222;4;0
222;5;0
222;6;0
222;7;0
222;8;0
223;1;0
223;2;0
223;3;0
223;4;1
223;5;0
223;6;0
223;7;0
223;8;0
224;1;0
224;2;0
224;3;1
224;4;0
224;5;0
224;6;0
224;7;1
224;8;0
225;1;0
225;2;0
225;3;0
225;4;1
225;5;0
225;6;0
225;7;0
225;8;0
226;1;0
226;2;0
226;3;0
226;4;0
226;5;0
226;6;0
226;7;0
226;8;0
227;1;0
227;2;0
227;3;0
227;4;0
227;5;0
227;6;0
227;7;0
227;8;1
228;1;0
228;2;0
228;3;0
228;4;0
228;5;0
228;6;0
228;7;0
228;8;0
229;1;0
229;2;0
229;3;0
229;4;0
229;5;1
229;6;0
229;7;0
229;8;1
230;1;0
230;2;0
230;3;0
230;4;0
230;5;1
230;6;0
230;7;0
230;8;0
231;1;0
231;2;0
231;3;0
231;4;0
231;5;0
231;6;0
231;7;0
231;8;0
232;1;0
232;2;0
232;3;0
232;4;0
232;5;0
232;6;0
232;7;0
232;8;0
233;1;0
233;2;0
233;3;1
233;4;0
233;5;1
233;6;0
233;7;0
233;8;0
234;1;0
234;2;0
234;3;0
234;4;1
234;5;1
234;6;0
234;7;0
234;8;0
235;1;0
235;2;0
235;3;0
235;4;0
235;5;1
235;6;0
235;7;0
235;8;0
236;1;0
236;2;0
236;3;1
236;4;1
236;5;0
236;6;0
236;7;0
236;8;0
237;1;0
237;2;0
237;3;0
237;4;0
237;5;1
237;6;0
237;7;0
237;8;0
238;1;0
238;2;0
238;3;0
238;4;0
238;5;0
238;6;0
238;7;0
238;8;0
239;1;0
239;2;0
239;3;0
239;4;0
239;5;0
239;6;0
239;7;0
239;8;1
240;1;0
240;2;0
240;3;0
240;4;0
240;5;0
240;6;1
240;7;0
240;8;0
241;1;0
241;2;0
241;3;0
241;4;1
241;5;1
241;6;0
241;7;0
241;8;0
242;1;0
242;2;0
242;3;0
242;4;0
242;5;0
242;6;0
242;7;0
242;8;0
243;1;0
243;2;1
243;3;1
243;4;0
243;5;0
243;6;0
243;7;0
243;8;0
244;1;0
244;2;0
244;3;0
244;4;0
244;5;0
244;6;0
244;7;1
244;8;0
245;1;0
245;2;0
245;3;0
245;4;0
245;5;0
245;6;1
245;7;0
245;8;0
246;1;0
246;2;0
246;3;0
246;4;1
246;5;0
246;6;0
246;7;0
246;8;0
247;1;0
247;2;0
247;3;0
247;4;0
247;5;0
247;6;0
247;7;0
247;8;0
248;1;0
248;2;0
248;3;0
248;4;0
248;5;0
248;6;0
248;7;0
248;8;0
249;1;0
249;2;0
249;3;0
249;4;0
249;5;0
249;6;0
249;7;0
249;8;0
250;1;0
250;2;0
250;3;0
250;4;0
250;5;0
250;6;1
250;7;0
250;8;1
251;1;0
251;2;1
251;3;0
251;4;0
251;5;0
251;6;0
251;7;0
251;8;0
252;1;0
252;2;0
252;3;0
252;4;0
252;5;0
252;6;0
252;7;0
252;8;0
253;1;0
253;2;0
253;3;0
253;4;0
253;5;0
253;6;0
253;7;0
253;8;1
254;1;0
254;2;0
254;3;0
254;4;0
254;5;1
254;6;0
254;7;0
254;8;0
255;1;0
255;2;0
255;3;0
255;4;0
255;5;1
255;6;1
255;7;0
255;8;0
256;1;0
256;2;0
256;3;0
256;4;0
256;5;0
256;6;0
256;7;0
256;8;0
257;1;0
257;2;0
257;3;0
257;4;0
257;5;0
257;6;0
257;7;0
257;8;0
258;1;1
258;2;0
258;3;1
258;4;0
258;5;1
258;6;1
258;7;0
258;8;0
259;1;0
259;2;0
259;3;0
259;4;0
259;5;0
259;6;0
259;7;1
259;8;0
260;1;0
260;2;0
260;3;0
260;4;0
260;5;1
260;6;0
260;7;0
260;8;0
261;1;0
261;2;0
261;3;0
261;4;0
261;5;1
261;6;1
261;7;0
261;8;0
262;1;0
262;2;0
262;3;0
262;4;1
262;5;0
262;6;0
262;7;0
262;8;0
263;1;0
263;2;1
263;3;0
263;4;0
263;5;0
263;6;0
263;7;0
263;8;0
264;1;0
264;2;0
264;3;0
264;4;0
264;5;0
264;6;0
264;7;0
264;8;0
265;1;0
265;2;0
265;3;0
265;4;0
265;5;0
265;6;0
265;7;0
265;8;0
266;1;0
266;2;0
266;3;0
266;4;0
266;5;1
266;6;1
266;7;0
266;8;0
267;1;0
267;2;0
267;3;0
267;4;0
267;5;0
267;6;0
267;7;0
267;8;0
268;1;0
268;2;0
268;3;0
268;4;0
268;5;0
268;6;1
268;7;0
268;8;0
269;1;0
269;2;0
269;3;0
269;4;0
269;5;0
269;6;0
269;7;0
269;8;0
270;1;0
270;2;0
270;3;0
270;4;0
270;5;1
270;6;1
270;7;0
270;8;0
271;1;0
271;2;0
271;3;0
271;4;1
271;5;0
271;6;1
271;7;0
271;8;0
272;1;0
272;2;0
272;3;0
272;4;1
272;5;1
272;6;0
272;7;0
272;8;0
273;1;0
273;2;0
273;3;0
273;4;0
273;5;1
273;6;0
273;7;0
273;8;0
274;1;0
274;2;0
274;3;0
274;4;0
274;5;1
274;6;0
274;7;0
274;8;0
275;1;0
275;2;0
275;3;0
275;4;0
275;5;0
275;6;0
275;7;0
275;8;0
276;1;0
276;2;1
276;3;0
276;4;0
276;5;1
276;6;0
276;7;1
276;8;0
277;1;0
277;2;0
277;3;0
277;4;0
277;5;0
277;6;0
277;7;0
277;8;0
278;1;0
278;2;0
278;3;0
278;4;0
278;5;1
278;6;0
278;7;0
278;8;0
279;1;0
279;2;0
279;3;0
279;4;0
279;5;0
279;6;0
279;7;1
279;8;0
280;1;0
280;2;0
280;3;0
280;4;0
280;5;0
280;6;1
280;7;1
280;8;0
281;1;0
281;2;0
281;3;0
281;4;0
281;5;1
281;6;0
281;7;0
281;8;0
282;1;0
282;2;0
282;3;1
282;4;0
282;5;0
282;6;1
282;7;0
282;8;0
283;1;0
283;2;0
283;3;0
283;4;0
283;5;0
283;6;1
283;7;0
283;8;1
284;1;0
284;2;0
284;3;1
284;4;1
284;5;1
284;6;0
284;7;0
284;8;0
285;1;0
285;2;0
285;3;0
285;4;0
285;5;0
285;6;0
285;7;0
285;8;0
286;1;0
286;2;0
286;3;0
286;4;0
286;5;0
286;6;0
286;7;0
286;8;0
287;1;0
287;2;0
287;3;0
287;4;0
287;5;1
287;6;0
287;7;0
287;8;0
288;1;0
288;2;0
288;3;0
288;4;0
288;5;0
288;6;1
288;7;0
288;8;0
289;1;0
289;2;0
289;3;0
289;4;0
289;5;1
289;6;0
289;7;0
289;8;0
290;1;0
290;2;0
290;3;0
290;4;0
290;5;0
290;6;0
290;7;0
290;8;0
291;1;0
291;2;0
291;3;0
291;4;0
291;5;0
291;6;0
291;7;0
291;8;0
292;1;0
292;2;0
292;3;0
292;4;0
292;5;1
292;6;0
292;7;1
292;8;1
293;1;0
293;2;0
293;3;0
293;4;0
293;5;0
293;6;0
293;7;0
293;8;0
294;1;0
294;2;0
294;3;0
294;4;1
294;5;0
294;6;1
294;7;0
294;8;0
295;1;0
295;2;0
295;3;0
295;4;1
295;5;0
295;6;0
295;7;0
295;8;0
296;1;0
296;2;0
296;3;1
296;4;1
296;5;0
296;6;0
296;7;0
296;8;0
297;1;0
297;2;0
297;3;0
297;4;0
297;5;0
297;6;0
297;7;1
297;8;0
298;1;0
298;2;0
298;3;0
298;4;0
298;5;0
298;6;1
298;7;1
298;8;0
299;1;0
299;2;0
299;3;0
299;4;0
299;5;0
299;6;0
299;7;1
299;8;0
300;1;0
300;2;0
300;3;1
300;4;0
300;5;0
300;6;1
300;7;0
300;8;0
301;1;0
301;2;0
301;3;0
301;4;0
301;5;1
301;6;1
301;7;0
301;8;0
302;1;0
302;2;0
302;3;0
302;4;1
302;5;1
302;6;0
302;7;0
302;8;0
303;1;0
303;2;0
303;3;0
303;4;1
303;5;0
303;6;0
303;7;0
303;8;0
304;1;0
304;2;0
304;3;0
304;4;1
304;5;0
304;6;0
304;7;0
304;8;0
305;1;0
305;2;0
305;3;0
305;4;0
305;5;0
305;6;0
305;7;0
305;8;0
306;1;0
306;2;0
306;3;0
306;4;1
306;5;0
306;6;1
306;7;0
306;8;0
307;1;0
307;2;0
307;3;0
307;4;0
307;5;0
307;6;0
307;7;0
307;8;0
308;1;0
308;2;0
308;3;0
308;4;0
308;5;0
308;6;0
308;7;0
308;8;0
309;1;0
309;2;0
309;3;0
309;4;0
309;5;0
309;6;0
309;7;0
309;8;0
310;1;0
310;2;0
310;3;0
310;4;0
310;5;0
310;6;0
310;7;0
310;8;0
311;1;0
311;2;0
311;3;0
311;4;0
311;5;0
311;6;0
311;7;0
311;8;0
312;1;0
312;2;0
312;3;0
312;4;0
312;5;0
312;6;1
312;7;0
312;8;0
313;1;0
313;2;0
313;3;1
313;4;0
313;5;0
313;6;0
313;7;1
313;8;0
314;1;0
314;2;0
314;3;0
314;4;0
314;5;0
314;6;1
314;7;1
314;8;1
315;1;0
315;2;0
315;3;1
315;4;0
315;5;0
315;6;0
315;7;0
315;8;0
316;1;0
316;2;0
316;3;0
316;4;0
316;5;0
316;6;0
316;7;1
316;8;0
317;1;0
317;2;1
317;3;0
317;4;0
317;5;0
317;6;0
317;7;0
317;8;0
318;1;0
318;2;0
318;3;0
318;4;0
318;5;1
318;6;1
318;7;0
318;8;0
319;1;0
319;2;0
319;3;0
319;4;0
319;5;0
319;6;0
319;7;0
319;8;1
320;1;0
320;2;0
320;3;0
320;4;0
320;5;0
320;6;0
320;7;0
320;8;0
321;1;0
321;2;0
321;3;0
321;4;0
321;5;0
321;6;0
321;7;0
321;8;0
322;1;0
322;2;0
322;3;1
322;4;0
322;5;0
322;6;0
322;7;0
322;8;0
323;1;0
323;2;0
323;3;1
323;4;0
323;5;0
323;6;0
323;7;1
323;8;0
324;1;0
324;2;0
324;3;0
324;4;0
324;5;0
324;6;0
324;7;0
324;8;1
325;1;0
325;2;0
325;3;0
325;4;1
325;5;0
325;6;0
325;7;0
325;8;0
326;1;0
326;2;0
326;3;0
326;4;0
326;5;0
326;6;0
326;7;0
326;8;0
327;1;0
327;2;0
327;3;0
327;4;0
327;5;0
327;6;0
327;7;0
327;8;0
328;1;0
328;2;0
328;3;1
328;4;0
328;5;1
328;6;0
328;7;0
328;8;0
329;1;0
329;2;0
329;3;0
329;4;0
329;5;0
329;6;0
329;7;0
329;8;0
330;1;0
330;2;0
330;3;0
330;4;0
330;5;1
330;6;1
330;7;0
330;8;0
331;1;0
331;2;0
331;3;0
331;4;0
331;5;1
331;6;0
331;7;0
331;8;0
332;1;0
332;2;0
332;3;1
332;4;0
332;5;0
332;6;0
332;7;0
332;8;0
333;1;0
333;2;0
333;3;0
333;4;0
333;5;0
333;6;0
333;7;0
333;8;0
334;1;0
334;2;0
334;3;0
334;4;0
334;5;1
334;6;0
334;7;0
334;8;0
335;1;0
335;2;0
335;3;0
335;4;0
335;5;0
335;6;0
335;7;0
335;8;0
336;1;0
336;2;0
336;3;0
336;4;0
336;5;0
336;6;1
336;7;0
336;8;0
337;1;0
337;2;1
337;3;0
337;4;1
337;5;1
337;6;0
337;7;0
337;8;0
338;1;0
338;2;1
338;3;0
338;4;0
338;5;0
338;6;1
338;7;0
338;8;0
339;1;0
339;2;0
339;3;0
339;4;0
339;5;0
339;6;0
339;7;0
339;8;0
340;1;0
340;2;0
340;3;0
340;4;0
340;5;0
340;6;1
340;7;0
340;8;0
341;1;0
341;2;0
341;3;0
341;4;0
341;5;0
341;6;0
341;7;0
341;8;1
342;1;0
342;2;0
342;3;0
342;4;0
342;5;1
342;6;0
342;7;0
342;8;0
343;1;0
343;2;0
343;3;0
343;4;1
343;5;0
343;6;0
343;7;0
343;8;0
344;1;0
344;2;0
344;3;0
344;4;0
344;5;0
344;6;0
344;7;0
344;8;0
345;1;0
345;2;0
345;3;0
345;4;0
345;5;0
345;6;0
345;7;1
345;8;0
346;1;0
346;2;0
346;3;0
346;4;0
346;5;0
346;6;0
346;7;0
346;8;0
347;1;0
347;2;0
347;3;0
347;4;0
347;5;0
347;6;0
347;7;0
347;8;0
348;1;0
348;2;0
348;3;0
348;4;1
348;5;0
348;6;0
348;7;0
348;8;0
349;1;0
349;2;0
349;3;1
349;4;0
349;5;0
349;6;0
349;7;0
349;8;0
350;1;0
350;2;0
350;3;0
350;4;0
350;5;0
350;6;0
350;7;0
350;8;0
351;1;0
351;2;0
351;3;0
351;4;0
351;5;0
351;6;0
351;7;0
351;8;0
352;1;0
352;2;0
352;3;0
352;4;0
352;5;0
352;6;1
352;7;1
352;8;0
353;1;0
353;2;0
353;3;0
353;4;0
353;5;0
353;6;0
353;7;0
353;8;1
354;1;0
354;2;0
354;3;1
354;4;0
354;5;0
354;6;1
354;7;0
354;8;0
355;1;0
355;2;0
355;3;0
355;4;0
355;5;0
355;6;1
355;7;0
355;8;0
356;1;0
356;2;0
356;3;0
356;4;0
356;5;0
356;6;0
356;7;0
356;8;0
357;1;1
357;2;0
357;3;0
357;4;1
357;5;0
357;6;1
357;7;1
357;8;1
358;1;0
358;2;0
358;3;0
358;4;0
358;5;1
358;6;0
358;7;1
358;8;0
359;1;0
359;2;0
359;3;0
359;4;0
359;5;0
359;6;0
359;7;0
359;8;0
360;1;0
360;2;0
360;3;0
360;4;0
360;5;0
360;6;0
360;7;0
360;8;0
361;1;0
361;2;1
361;3;0
361;4;0
361;5;1
361;6;0
361;7;0
361;8;0
362;1;0
362;2;0
362;3;0
362;4;0
362;5;0
362;6;0
362;7;0
362;8;0
363;1;0
363;2;0
363;3;0
363;4;0
363;5;0
363;6;0
363;7;0
363;8;1
364;1;0
364;2;0
364;3;0
364;4;1
364;5;0
364;6;0
364;7;0
364;8;0
365;1;0
365;2;0
365;3;0
365;4;0
365;5;0
365;6;0
365;7;0
365;8;0
366;1;0
366;2;0
366;3;0
366;4;0
366;5;0
366;6;1
366;7;0
366;8;0
367;1;0
367;2;0
367;3;0
367;4;0
367;5;0
367;6;0
367;7;0
367;8;0
368;1;0
368;2;0
368;3;0
368;4;0
368;5;0
368;6;1
368;7;0
368;8;0
369;1;0
369;2;0
369;3;0
369;4;0
369;5;0
369;6;1
369;7;0
369;8;0
370;1;1
370;2;0
370;3;0
370;4;0
370;5;0
370;6;1
370;7;0
370;8;0
371;1;0
371;2;0
371;3;1
371;4;0
371;5;1
371;6;0
371;7;0
371;8;0
372;1;0
372;2;0
372;3;0
372;4;0
372;5;1
372;6;0
372;7;0
372;8;0
373;1;0
373;2;0
373;3;0
373;4;1
373;5;1
373;6;0
373;7;0
373;8;0
374;1;0
374;2;0
374;3;0
374;4;0
374;5;1
374;6;1
374;7;0
374;8;0
375;1;1
375;2;0
375;3;0
375;4;0
375;5;0
375;6;0
375;7;0
375;8;1
376;1;0
376;2;0
376;3;0
376;4;0
376;5;0
376;6;0
376;7;1
376;8;0
377;1;0
377;2;0
377;3;0
377;4;1
377;5;1
377;6;0
377;7;0
377;8;0
378;1;0
378;2;0
378;3;0
378;4;0
378;5;1
378;6;0
378;7;0
378;8;0
379;1;0
379;2;0
379;3;0
379;4;1
379;5;0
379;6;1
379;7;0
379;8;0
380;1;0
380;2;0
380;3;0
380;4;0
380;5;0
380;6;0
380;7;1
380;8;0
381;1;0
381;2;0
381;3;0
381;4;1
381;5;0
381;6;0
381;7;0
381;8;0
382;1;0
382;2;0
382;3;0
382;4;1
382;5;0
382;6;0
382;7;0
382;8;0
383;1;0
383;2;0
383;3;0
383;4;0
383;5;0
383;6;0
383;7;0
383;8;0
384;1;0
384;2;0
384;3;0
384;4;0
384;5;0
384;6;1
384;7;1
384;8;0
385;1;0
385;2;0
385;3;0
385;4;0
385;5;0
385;6;0
385;7;0
385;8;0
386;1;0
386;2;0
386;3;0
386;4;0
386;5;0
386;6;0
386;7;0
386;8;0
387;1;0
387;2;0
387;3;0
387;4;0
387;5;0
387;6;0
387;7;0
387;8;0
388;1;0
388;2;0
388;3;0
388;4;1
388;5;0
388;6;0
388;7;0
388;8;0
389;1;0
389;2;0
389;3;0
389;4;0
389;5;1
389;6;0
389;7;0
389;8;0
390;1;0
390;2;0
390;3;1
390;4;0
390;5;0
390;6;0
390;7;0
390;8;1
391;1;0
391;2;0
391;3;0
391;4;0
391;5;0
391;6;0
391;7;1
391;8;0
392;1;0
392;2;0
392;3;0
392;4;0
392;5;0
392;6;0
392;7;0
392;8;0
393;1;0
393;2;0
393;3;0
393;4;0
393;5;0
393;6;0
393;7;0
393;8;0
394;1;1
394;2;0
394;3;0
394;4;1
394;5;1
394;6;0
394;7;0
394;8;0
395;1;0
395;2;0
395;3;0
395;4;1
395;5;1
395;6;1
395;7;0
395;8;0
396;1;0
396;2;0
396;3;1
396;4;1
396;5;0
396;6;0
396;7;0
396;8;0
397;1;0
397;2;0
397;3;0
397;4;1
397;5;0
397;6;0
397;7;0
397;8;0
398;1;0
398;2;0
398;3;0
398;4;0
398;5;0
398;6;0
398;7;0
398;8;0
399;1;0
399;2;0
399;3;0
399;4;0
399;5;0
399;6;0
399;7;0
399;8;0
400;1;0
400;2;0
400;3;0
400;4;1
400;5;0
400;6;0
400;7;0
400;8;0
401;1;0
401;2;0
401;3;0
401;4;0
401;5;0
401;6;0
401;7;0
401;8;0
402;1;0
402;2;0
402;3;0
402;4;1
402;5;1
402;6;0
402;7;0
402;8;0
403;1;0
403;2;0
403;3;0
403;4;1
403;5;0
403;6;0
403;7;0
403;8;0
404;1;0
404;2;0
404;3;0
404;4;0
404;5;1
404;6;1
404;7;0
404;8;0
405;1;1
405;2;0
405;3;0
405;4;0
405;5;1
405;6;1
405;7;0
405;8;0
406;1;0
406;2;0
406;3;0
406;4;0
406;5;0
406;6;0
406;7;1
406;8;0
407;1;0
407;2;0
407;3;0
407;4;0
407;5;0
407;6;0
407;7;0
407;8;0
408;1;0
408;2;0
408;3;0
408;4;0
408;5;0
408;6;1
408;7;0
408;8;0
409;1;0
409;2;0
409;3;0
409;4;1
409;5;0
409;6;0
409;7;0
409;8;0
410;1;0
410;2;0
410;3;1
410;4;1
410;5;0
410;6;0
410;7;1
410;8;1
411;1;0
411;2;0
411;3;1
411;4;0
411;5;1
411;6;0
411;7;0
411;8;0
412;1;0
412;2;0
412;3;0
412;4;1
412;5;0
412;6;0
412;7;0
412;8;0
413;1;0
413;2;0
413;3;0
413;4;0
413;5;1
413;6;0
413;7;0
413;8;0
414;1;0
414;2;0
414;3;0
414;4;0
414;5;0
414;6;0
414;7;1
414;8;0
415;1;0
415;2;0
415;3;0
415;4;0
415;5;0
415;6;0
415;7;0
415;8;0
416;1;1
416;2;0
416;3;1
416;4;0
416;5;0
416;6;1
416;7;0
416;8;0
417;1;0
417;2;0
417;3;0
417;4;0
417;5;0
417;6;0
417;7;0
417;8;0
418;1;0
418;2;0
418;3;0
418;4;1
418;5;1
418;6;0
418;7;0
418;8;0
419;1;0
419;2;1
419;3;0
419;4;0
419;5;1
419;6;0
419;7;0
419;8;0
420;1;0
420;2;0
420;3;0
420;4;1
420;5;0
420;6;0
420;7;0
420;8;0
421;1;0
421;2;0
421;3;0
421;4;0
421;5;0
421;6;0
421;7;0
421;8;0
422;1;0
422;2;0
422;3;0
422;4;0
422;5;0
422;6;1
422;7;0
422;8;0
423;1;0
423;2;0
423;3;1
423;4;1
423;5;0
423;6;0
423;7;0
423;8;0
424;1;0
424;2;0
424;3;0
424;4;1
424;5;0
424;6;1
424;7;0
424;8;0
425;1;1
425;2;0
425;3;0
425;4;1
425;5;0
425;6;0
425;7;0
425;8;0
426;1;0
426;2;0
426;3;0
426;4;0
426;5;0
426;6;0
426;7;0
426;8;0
427;1;0
427;2;0
427;3;0
427;4;0
427;5;1
427;6;0
427;7;0
427;8;1
428;1;0
428;2;0
428;3;1
428;4;1
428;5;0
428;6;0
428;7;0
428;8;0
429;1;0
429;2;0
429;3;0
429;4;0
429;5;1
429;6;1
429;7;0
429;8;0
430;1;0
430;2;0
430;3;0
430;4;0
430;5;0
430;6;0
430;7;0
430;8;0
431;1;0
431;2;0
431;3;0
431;4;0
431;5;1
431;6;0
431;7;0
431;8;0
432;1;0
432;2;0
432;3;0
432;4;0
432;5;1
432;6;0
432;7;0
432;8;0
433;1;0
433;2;0
433;3;0
433;4;1
433;5;0
433;6;0
433;7;0
433;8;0
434;1;0
434;2;0
434;3;0
434;4;1
434;5;1
434;6;0
434;7;1
434;8;1
435;1;0
435;2;0
435;3;0
435;4;0
435;5;0
435;6;1
435;7;0
435;8;0
436;1;0
436;2;0
436;3;0
436;4;1
436;5;0
436;6;1
436;7;0
436;8;0
437;1;0
437;2;0
437;3;0
437;4;0
437;5;0
437;6;1
437;7;0
437;8;1
438;1;0
438;2;0
438;3;0
438;4;1
438;5;0
438;6;0
438;7;0
438;8;1
439;1;0
439;2;0
439;3;0
439;4;0
439;5;0
439;6;1
439;7;0
439;8;0
440;1;0
440;2;0
440;3;0
440;4;1
440;5;1
440;6;0
440;7;1
440;8;0
441;1;1
441;2;0
441;3;0
441;4;0
441;5;0
441;6;0
441;7;0
441;8;0
442;1;0
442;2;0
442;3;0
442;4;0
442;5;0
442;6;0
442;7;0
442;8;0
443;1;0
443;2;0
443;3;0
443;4;0
443;5;0
443;6;0
443;7;0
443;8;0
444;1;0
444;2;0
444;3;0
444;4;0
444;5;0
444;6;1
444;7;0
444;8;0
445;1;0
445;2;0
445;3;0
445;4;0
445;5;0
445;6;0
445;7;0
445;8;0
446;1;0
446;2;0
446;3;0
446;4;0
446;5;0
446;6;0
446;7;1
446;8;0
447;1;0
447;2;0
447;3;1
447;4;0
447;5;0
447;6;0
447;7;1
447;8;0
448;1;0
448;2;0
448;3;0
448;4;1
448;5;0
448;6;0
448;7;0
448;8;0
449;1;0
449;2;0
449;3;1
449;4;1
449;5;0
449;6;0
449;7;0
449;8;0
450;1;0
450;2;0
450;3;0
450;4;0
450;5;0
450;6;0
450;7;1
450;8;0
451;1;0
451;2;0
451;3;0
451;4;0
451;5;0
451;6;1
451;7;1
451;8;0
452;1;0
452;2;0
452;3;0
452;4;0
452;5;0
452;6;0
452;7;1
452;8;0
453;1;0
453;2;0
453;3;0
453;4;0
453;5;1
453;6;0
453;7;0
453;8;0
454;1;0
454;2;0
454;3;0
454;4;0
454;5;0
454;6;0
454;7;0
454;8;0
455;1;0
455;2;0
455;3;0
455;4;1
455;5;0
455;6;0
455;7;0
455;8;0
456;1;0
456;2;0
456;3;0
456;4;0
456;5;0
456;6;0
456;7;0
456;8;0
457;1;0
457;2;0
457;3;0
457;4;0
457;5;0
457;6;0
457;7;0
457;8;0
458;1;0
458;2;0
458;3;0
458;4;0
458;5;1
458;6;0
458;7;0
458;8;0
459;1;0
459;2;0
459;3;1
459;4;0
459;5;0
459;6;0
459;7;0
459;8;0
460;1;0
460;2;0
460;3;1
460;4;0
460;5;1
460;6;1
460;7;0
460;8;0
461;1;0
461;2;0
461;3;1
461;4;0
461;5;0
461;6;0
461;7;0
461;8;0
462;1;0
462;2;0
462;3;0
462;4;0
462;5;1
462;6;0
462;7;0
462;8;0
463;1;0
463;2;0
463;3;0
463;4;0
463;5;0
463;6;0
463;7;0
463;8;0
464;1;0
464;2;0
464;3;0
464;4;1
464;5;0
464;6;1
464;7;0
464;8;0
465;1;0
465;2;0
465;3;0
465;4;0
465;5;0
465;6;0
465;7;0
465;8;0
466;1;0
466;2;0
466;3;0
466;4;0
466;5;0
466;6;0
466;7;0
466;8;0
467;1;0
467;2;0
467;3;0
467;4;0
467;5;0
467;6;0
467;7;0
467;8;0
468;1;0
468;2;0
468;3;0
468;4;0
468;5;0
468;6;0
468;7;1
468;8;0
469;1;0
469;2;0
469;3;0
469;4;1
469;5;0
469;6;0
469;7;0
469;8;0
470;1;0
470;2;0
470;3;1
470;4;0
470;5;1
470;6;1
470;7;1
470;8;0
471;1;1
471;2;0
471;3;0
471;4;1
471;5;1
471;6;0
471;7;0
471;8;0
472;1;0
472;2;0
472;3;1
472;4;0
472;5;0
472;6;0
472;7;0
472;8;0
473;1;0
473;2;0
473;3;0
473;4;1
473;5;0
473;6;0
473;7;0
473;8;0
474;1;0
474;2;0
474;3;0
474;4;1
474;5;0
474;6;0
474;7;1
474;8;0
475;1;0
475;2;0
475;3;0
475;4;0
475;5;0
475;6;1
475;7;0
475;8;0
476;1;0
476;2;0
476;3;0
476;4;0
476;5;0
476;6;1
476;7;0
476;8;0
477;1;0
477;2;0
477;3;0
477;4;0
477;5;0
477;6;0
477;7;0
477;8;0
478;1;0
478;2;0
478;3;0
478;4;0
478;5;0
478;6;0
478;7;1
478;8;0
479;1;0
479;2;0
479;3;0
479;4;0
479;5;0
479;6;0
479;7;0
479;8;0
480;1;0
480;2;0
480;3;0
480;4;0
480;5;0
480;6;0
480;7;0
480;8;0
481;1;1
481;2;0
481;3;0
481;4;0
481;5;0
481;6;0
481;7;1
481;8;0
482;1;0
482;2;0
482;3;0
482;4;0
482;5;0
482;6;0
482;7;0
482;8;0
483;1;0
483;2;0
483;3;0
483;4;0
483;5;0
483;6;0
483;7;0
483;8;0
484;1;0
484;2;0
484;3;0
484;4;0
484;5;0
484;6;0
484;7;1
484;8;0
485;1;0
485;2;0
485;3;0
485;4;0
485;5;1
485;6;0
485;7;0
485;8;1
486;1;0
486;2;0
486;3;0
486;4;0
486;5;0
486;6;1
486;7;0
486;8;0
487;1;0
487;2;0
487;3;1
487;4;0
487;5;0
487;6;1
487;7;0
487;8;0
488;1;0
488;2;0
488;3;0
488;4;0
488;5;0
488;6;1
488;7;0
488;8;0
489;1;0
489;2;0
489;3;1
489;4;0
489;5;0
489;6;0
489;7;0
489;8;0
490;1;0
490;2;0
490;3;0
490;4;0
490;5;0
490;6;0
490;7;0
490;8;0
491;1;0
491;2;0
491;3;0
491;4;0
491;5;0
491;6;0
491;7;0
491;8;1
492;1;1
492;2;0
492;3;0
492;4;0
492;5;0
492;6;0
492;7;0
492;8;0
493;1;0
493;2;0
493;3;0
493;4;0
493;5;1
493;6;0
493;7;0
493;8;0
494;1;0
494;2;0
494;3;0
494;4;0
494;5;0
494;6;1
494;7;0
494;8;0
495;1;0
495;2;0
495;3;0
495;4;0
495;5;1
495;6;0
495;7;1
495;8;0
496;1;0
496;2;0
496;3;0
496;4;0
496;5;1
496;6;0
496;7;0
496;8;0
497;1;0
497;2;0
497;3;0
497;4;0
497;5;0
497;6;1
497;7;0
497;8;0
498;1;0
498;2;0
498;3;0
498;4;0
498;5;0
498;6;0
498;7;0
498;8;0
499;1;0
499;2;0
499;3;0
499;4;0
499;5;0
499;6;0
499;7;0
499;8;0
500;1;0
500;2;0
500;3;0
500;4;1
500;5;1
500;6;0
500;7;0
500;8;0
501;1;0
501;2;0
501;3;0
501;4;0
501;5;0
501;6;1
501;7;0
501;8;0
502;1;0
502;2;0
502;3;0
502;4;0
502;5;0
502;6;1
502;7;0
502;8;0
503;1;0
503;2;0
503;3;0
503;4;1
503;5;0
503;6;0
503;7;0
503;8;0
504;1;0
504;2;0
504;3;0
504;4;0
504;5;0
504;6;0
504;7;0
504;8;0
505;1;0
505;2;0
505;3;0
505;4;1
505;5;0
505;6;0
505;7;0
505;8;0
506;1;0
506;2;0
506;3;0
506;4;0
506;5;1
506;6;0
506;7;0
506;8;0
507;1;0
507;2;0
507;3;0
507;4;1
507;5;0
507;6;0
507;7;0
507;8;0
508;1;0
508;2;0
508;3;0
508;4;1
508;5;1
508;6;0
508;7;0
508;8;0
509;1;0
509;2;0
509;3;0
509;4;1
509;5;0
509;6;0
509;7;0
509;8;1
510;1;0
510;2;1
510;3;1
510;4;0
510;5;0
510;6;0
510;7;0
510;8;1
511;1;0
511;2;0
511;3;1
511;4;0
511;5;0
511;6;0
511;7;0
511;8;0
512;1;0
512;2;0
512;3;0
512;4;0
512;5;0
512;6;1
512;7;0
512;8;0
513;1;0
513;2;0
513;3;0
513;4;0
513;5;0
513;6;0
513;7;0
513;8;0
514;1;0
514;2;0
514;3;0
514;4;0
514;5;0
514;6;0
514;7;1
514;8;0
515;1;0
515;2;0
515;3;0
515;4;0
515;5;0
515;6;1
515;7;0
515;8;0
516;1;0
516;2;0
516;3;0
516;4;0
516;5;0
516;6;0
516;7;0
516;8;0
517;1;0
517;2;0
517;3;0
517;4;0
517;5;0
517;6;0
517;7;0
517;8;0
518;1;0
518;2;0
518;3;0
518;4;0
518;5;0
518;6;0
518;7;0
518;8;0
519;1;0
519;2;0
519;3;0
519;4;0
519;5;1
519;6;0
519;7;0
519;8;0
520;1;0
520;2;0
520;3;0
520;4;0
520;5;0
520;6;0
520;7;1
520;8;0
521;1;0
521;2;0
521;3;0
521;4;0
521;5;0
521;6;0
521;7;0
521;8;0
522;1;0
522;2;0
522;3;0
522;4;0
522;5;0
522;6;0
522;7;0
522;8;0
523;1;0
523;2;0
523;3;1
523;4;0
523;5;1
523;6;0
523;7;1
523;8;0
524;1;0
524;2;0
524;3;0
524;4;1
524;5;0
524;6;0
524;7;0
524;8;0
525;1;0
525;2;0
525;3;0
525;4;0
525;5;1
525;6;0
525;7;0
525;8;0
526;1;0
526;2;0
526;3;0
526;4;0
526;5;1
526;6;0
526;7;1
526;8;0
527;1;0
527;2;0
527;3;0
527;4;0
527;5;1
527;6;0
527;7;0
527;8;0
528;1;0
528;2;0
528;3;0
528;4;0
528;5;0
528;6;0
528;7;0
528;8;0
529;1;0
529;2;1
529;3;0
529;4;0
529;5;0
529;6;0
529;7;1
529;8;0
530;1;0
530;2;0
530;3;0
530;4;1
530;5;0
530;6;0
530;7;0
530;8;0
531;1;0
531;2;0
531;3;0
531;4;0
531;5;0
531;6;0
531;7;0
531;8;0
532;1;0
532;2;0
532;3;0
532;4;0
532;5;0
532;6;0
532;7;0
532;8;0
533;1;0
533;2;1
533;3;0
533;4;0
533;5;0
533;6;0
533;7;0
533;8;0
534;1;0
534;2;0
534;3;0
534;4;0
534;5;0
534;6;1
534;7;0
534;8;0
535;1;0
535;2;0
535;3;0
535;4;1
535;5;1
535;6;1
535;7;1
535;8;0
536;1;0
536;2;0
536;3;0
536;4;0
536;5;0
536;6;0
536;7;0
536;8;0
537;1;0
537;2;0
537;3;0
537;4;1
537;5;0
537;6;0
537;7;0
537;8;0
538;1;0
538;2;0
538;3;0
538;4;1
538;5;0
538;6;1
538;7;0
538;8;0
539;1;0
539;2;0
539;3;0
539;4;1
539;5;1
539;6;0
539;7;0
539;8;0
540;1;0
540;2;0
540;3;0
540;4;1
540;5;0
540;6;0
540;7;0
540;8;0
541;1;0
541;2;0
541;3;0
541;4;0
541;5;0
541;6;0
541;7;0
541;8;1
542;1;0
542;2;0
542;3;0
542;4;1
542;5;0
542;6;1
542;7;0
542;8;0
543;1;0
543;2;0
543;3;0
543;4;0
543;5;0
543;6;0
543;7;0
543;8;0
544;1;0
544;2;0
544;3;0
544;4;0
544;5;1
544;6;1
544;7;0
544;8;1
545;1;0
545;2;0
545;3;0
545;4;0
545;5;0
545;6;0
545;7;0
545;8;0
546;1;0
546;2;0
546;3;1
546;4;0
546;5;0
546;6;0
546;7;1
546;8;0
547;1;0
547;2;0
547;3;0
547;4;0
547;5;0
547;6;1
547;7;0
547;8;0
548;1;0
548;2;0
548;3;0
548;4;0
548;5;0
548;6;0
548;7;0
548;8;0
549;1;0
549;2;0
549;3;0
549;4;1
549;5;1
549;6;0
549;7;0
549;8;0
550;1;0
550;2;0
550;3;0
550;4;0
550;5;1
550;6;0
550;7;0
550;8;0
551;1;0
551;2;0
551;3;0
551;4;0
551;5;0
551;6;0
551;7;1
551;8;0
552;1;0
552;2;0
552;3;0
552;4;1
552;5;0
552;6;0
552;7;1
552;8;0
553;1;0
553;2;1
553;3;0
553;4;0
553;5;0
553;6;0
553;7;1
553;8;0
554;1;0
554;2;0
554;3;0
554;4;0
554;5;0
554;6;0
554;7;0
554;8;0
555;1;0
555;2;0
555;3;0
555;4;0
555;5;0
555;6;0
555;7;0
555;8;0
556;1;0
556;2;0
556;3;0
556;4;0
556;5;0
556;6;0
556;7;0
556;8;0
557;1;0
557;2;0
557;3;0
557;4;1
557;5;0
557;6;0
557;7;0
557;8;0
558;1;0
558;2;0
558;3;0
558;4;0
558;5;0
558;6;0
558;7;0
558;8;0
559;1;0
559;2;0
559;3;0
559;4;0
559;5;0
559;6;0
559;7;0
559;8;0
560;1;0
560;2;0
560;3;0
560;4;0
560;5;1
560;6;0
560;7;0
560;8;0
561;1;0
561;2;0
561;3;0
561;4;1
561;5;0
561;6;0
561;7;0
561;8;0
562;1;0
562;2;0
562;3;0
562;4;0
562;5;0
562;6;0
562;7;0
562;8;0
563;1;0
563;2;0
563;3;0
563;4;0
563;5;0
563;6;0
563;7;0
563;8;0
564;1;0
564;2;0
564;3;0
564;4;0
564;5;0
564;6;0
564;7;0
564;8;0
565;1;0
565;2;1
565;3;0
565;4;0
565;5;0
565;6;0
565;7;0
565;8;1
566;1;0
566;2;0
566;3;0
566;4;0
566;5;0
566;6;0
566;7;0
566;8;0
567;1;0
567;2;0
567;3;0
567;4;0
567;5;0
567;6;0
567;7;0
567;8;0
568;1;0
568;2;0
568;3;0
568;4;1
568;5;0
568;6;0
568;7;0
568;8;0
569;1;0
569;2;0
569;3;0
569;4;0
569;5;0
569;6;0
569;7;1
569;8;0
570;1;0
570;2;0
570;3;1
570;4;0
570;5;0
570;6;0
570;7;0
570;8;0
571;1;0
571;2;0
571;3;0
571;4;0
571;5;0
571;6;1
571;7;1
571;8;0
572;1;0
572;2;0
572;3;0
572;4;0
572;5;0
572;6;1
572;7;1
572;8;0
573;1;0
573;2;0
573;3;0
573;4;0
573;5;0
573;6;0
573;7;0
573;8;0
574;1;0
574;2;0
574;3;0
574;4;0
574;5;0
574;6;0
574;7;1
574;8;0
575;1;0
575;2;0
575;3;0
575;4;1
575;5;0
575;6;1
575;7;0
575;8;0
576;1;0
576;2;0
576;3;0
576;4;1
576;5;0
576;6;0
576;7;0
576;8;0
577;1;0
577;2;0
577;3;0
577;4;0
577;5;0
577;6;0
577;7;0
577;8;0
578;1;0
578;2;0
578;3;0
578;4;0
578;5;0
578;6;0
578;7;0
578;8;0
579;1;0
579;2;0
579;3;0
579;4;1
579;5;1
579;6;0
579;7;0
579;8;0
580;1;1
580;2;0
580;3;0
580;4;0
580;5;0
580;6;1
580;7;0
580;8;0
581;1;0
581;2;0
581;3;0
581;4;0
581;5;1
581;6;0
581;7;0
581;8;0
582;1;0
582;2;0
582;3;0
582;4;1
582;5;0
582;6;0
582;7;0
582;8;0
583;1;0
583;2;0
583;3;0
583;4;1
583;5;0
583;6;0
583;7;0
583;8;0
584;1;0
584;2;0
584;3;0
584;4;1
584;5;0
584;6;1
584;7;0
584;8;1
585;1;0
585;2;0
585;3;0
585;4;1
585;5;0
585;6;0
585;7;0
585;8;0
586;1;0
586;2;0
586;3;0
586;4;0
586;5;0
586;6;0
586;7;0
586;8;1
587;1;0
587;2;1
587;3;0
587;4;0
587;5;0
587;6;0
587;7;0
587;8;0
588;1;0
588;2;0
588;3;1
588;4;0
588;5;0
588;6;0
588;7;0
588;8;0
589;1;0
589;2;0
589;3;0
589;4;0
589;5;0
589;6;0
589;7;0
589;8;0
590;1;0
590;2;0
590;3;0
590;4;0
590;5;0
590;6;0
590;7;0
590;8;0
591;1;0
591;2;0
591;3;0
591;4;1
591;5;1
591;6;1
591;7;1
591;8;0
592;1;0
592;2;0
592;3;0
592;4;1
592;5;1
592;6;0
592;7;0
592;8;0
593;1;0
593;2;0
593;3;0
593;4;0
593;5;0
593;6;0
593;7;0
593;8;0
594;1;0
594;2;0
594;3;0
594;4;0
594;5;0
594;6;0
594;7;0
594;8;0
595;1;0
595;2;0
595;3;1
595;4;0
595;5;0
595;6;0
595;7;0
595;8;0
596;1;0
596;2;0
596;3;0
596;4;1
596;5;0
596;6;0
596;7;0
596;8;0
597;1;0
597;2;0
597;3;0
597;4;0
597;5;1
597;6;0
597;7;0
597;8;0
598;1;0
598;2;0
598;3;0
598;4;0
598;5;0
598;6;0
598;7;0
598;8;0
599;1;0
599;2;0
599;3;0
599;4;1
599;5;1
599;6;0
599;7;0
599;8;0
600;1;0
600;2;1
600;3;0
600;4;1
600;5;0
600;6;1
600;7;0
600;8;0
601;1;0
601;2;0
601;3;0
601;4;0
601;5;0
601;6;1
601;7;0
601;8;0
602;1;0
602;2;0
602;3;0
602;4;0
602;5;0
602;6;0
602;7;1
602;8;0
603;1;0
603;2;0
603;3;0
603;4;1
603;5;1
603;6;1
603;7;0
603;8;0
604;1;0
604;2;0
604;3;0
604;4;0
604;5;0
604;6;0
604;7;0
604;8;0
605;1;0
605;2;0
605;3;0
605;4;0
605;5;1
605;6;1
605;7;0
605;8;0
606;1;0
606;2;0
606;3;0
606;4;1
606;5;1
606;6;1
606;7;0
606;8;0
607;1;0
607;2;0
607;3;0
607;4;0
607;5;0
607;6;1
607;7;0
607;8;0
608;1;0
608;2;0
608;3;0
608;4;0
608;5;1
608;6;0
608;7;0
608;8;0
609;1;0
609;2;0
609;3;0
609;4;0
609;5;0
609;6;0
609;7;0
609;8;0
610;1;0
610;2;0
610;3;0
610;4;1
610;5;0
610;6;1
610;7;0
610;8;0
611;1;0
611;2;0
611;3;0
611;4;0
611;5;0
611;6;0
611;7;0
611;8;0
612;1;0
612;2;0
612;3;0
612;4;0
612;5;0
612;6;0
612;7;0
612;8;0
613;1;0
613;2;0
613;3;0
613;4;0
613;5;0
613;6;0
613;7;0
613;8;0
614;1;0
614;2;0
614;3;0
614;4;0
614;5;0
614;6;1
614;7;0
614;8;0
615;1;0
615;2;0
615;3;0
615;4;0
615;5;0
615;6;0
615;7;1
615;8;0
616;1;0
616;2;0
616;3;0
616;4;0
616;5;0
616;6;0
616;7;0
616;8;0
617;1;0
617;2;0
617;3;0
617;4;0
617;5;1
617;6;1
617;7;0
617;8;0
618;1;0
618;2;0
618;3;0
618;4;0
618;5;0
618;6;0
618;7;0
618;8;0
619;1;0
619;2;0
619;3;0
619;4;0
619;5;0
619;6;0
619;7;0
619;8;0
620;1;0
620;2;0
620;3;0
620;4;0
620;5;0
620;6;0
620;7;1
620;8;0
621;1;0
621;2;0
621;3;1
621;4;0
621;5;0
621;6;0
621;7;1
621;8;0
622;1;0
622;2;0
622;3;0
622;4;0
622;5;0
622;6;0
622;7;0
622;8;0
623;1;0
623;2;0
623;3;0
623;4;0
623;5;1
623;6;0
623;7;0
623;8;0
624;1;0
624;2;0
624;3;0
624;4;0
624;5;0
624;6;0
624;7;0
624;8;0
625;1;0
625;2;0
625;3;0
625;4;0
625;5;1
625;6;0
625;7;0
625;8;0
626;1;0
626;2;0
626;3;0
626;4;0
626;5;0
626;6;0
626;7;0
626;8;0
627;1;0
627;2;0
627;3;0
627;4;0
627;5;0
627;6;1
627;7;0
627;8;0
628;1;1
628;2;0
628;3;0
628;4;0
628;5;0
628;6;0
628;7;0
628;8;0
629;1;0
629;2;0
629;3;0
629;4;0
629;5;1
629;6;0
629;7;0
629;8;0
630;1;0
630;2;0
630;3;0
630;4;0
630;5;0
630;6;0
630;7;0
630;8;0
631;1;0
631;2;0
631;3;0
631;4;0
631;5;0
631;6;0
631;7;0
631;8;0
632;1;0
632;2;0
632;3;0
632;4;0
632;5;1
632;6;0
632;7;0
632;8;0
633;1;0
633;2;0
633;3;0
633;4;0
633;5;0
633;6;1
633;7;0
633;8;0
634;1;0
634;2;0
634;3;0
634;4;0
634;5;0
634;6;0
634;7;0
634;8;0
635;1;0
635;2;0
635;3;0
635;4;0
635;5;0
635;6;0
635;7;0
635;8;0
636;1;0
636;2;0
636;3;0
636;4;0
636;5;0
636;6;0
636;7;0
636;8;0
637;1;0
637;2;0
637;3;0
637;4;0
637;5;0
637;6;0
637;7;1
637;8;0
638;1;0
638;2;0
638;3;1
638;4;1
638;5;0
638;6;0
638;7;0
638;8;0
639;1;0
639;2;0
639;3;0
639;4;0
639;5;1
639;6;0
639;7;0
639;8;0
640;1;0
640;2;0
640;3;1
640;4;0
640;5;0
640;6;0
640;7;0
640;8;0
641;1;0
641;2;0
641;3;0
641;4;1
641;5;0
641;6;0
641;7;0
641;8;0
642;1;0
642;2;0
642;3;0
642;4;0
642;5;0
642;6;0
642;7;0
642;8;0
643;1;0
643;2;0
643;3;0
643;4;0
643;5;1
643;6;0
643;7;0
643;8;1
644;1;0
644;2;1
644;3;0
644;4;0
644;5;0
644;6;0
644;7;0
644;8;0
645;1;0
645;2;0
645;3;0
645;4;0
645;5;0
645;6;0
645;7;0
645;8;0
646;1;0
646;2;0
646;3;1
646;4;0
646;5;0
646;6;1
646;7;0
646;8;0
647;1;0
647;2;0
647;3;1
647;4;0
647;5;0
647;6;0
647;7;0
647;8;0
648;1;0
648;2;0
648;3;0
648;4;0
648;5;1
648;6;0
648;7;0
648;8;0
649;1;0
649;2;0
649;3;0
649;4;0
649;5;0
649;6;0
649;7;1
649;8;1
650;1;0
650;2;0
650;3;0
650;4;0
650;5;0
650;6;1
650;7;0
650;8;0
651;1;0
651;2;0
651;3;1
651;4;0
651;5;0
651;6;0
651;7;0
651;8;0
652;1;0
652;2;0
652;3;0
652;4;0
652;5;0
652;6;0
652;7;0
652;8;1
653;1;0
653;2;0
653;3;1
653;4;0
653;5;0
653;6;0
653;7;0
653;8;0
654;1;0
654;2;0
654;3;0
654;4;1
654;5;0
654;6;0
654;7;0
654;8;0
655;1;0
655;2;0
655;3;0
655;4;0
655;5;0
655;6;0
655;7;0
655;8;0
656;1;0
656;2;0
656;3;0
656;4;1
656;5;1
656;6;1
656;7;0
656;8;0
657;1;0
657;2;0
657;3;0
657;4;0
657;5;0
657;6;1
657;7;0
657;8;0
658;1;0
658;2;0
658;3;1
658;4;0
658;5;0
658;6;0
658;7;0
658;8;1
659;1;0
659;2;0
659;3;0
659;4;1
659;5;0
659;6;0
659;7;1
659;8;0
660;1;0
660;2;0
660;3;0
660;4;0
660;5;0
660;6;1
660;7;0
660;8;0
661;1;0
661;2;0
661;3;0
661;4;1
661;5;0
661;6;0
661;7;0
661;8;0
662;1;0
662;2;0
662;3;0
662;4;0
662;5;0
662;6;0
662;7;0
662;8;0
663;1;0
663;2;0
663;3;1
663;4;0
663;5;0
663;6;0
663;7;0
663;8;0
664;1;0
664;2;0
664;3;0
664;4;0
664;5;0
664;6;1
664;7;0
664;8;0
665;1;0
665;2;0
665;3;0
665;4;0
665;5;1
665;6;0
665;7;0
665;8;0
666;1;0
666;2;0
666;3;0
666;4;0
666;5;0
666;6;0
666;7;0
666;8;0
667;1;0
667;2;0
667;3;0
667;4;1
667;5;0
667;6;0
667;7;1
667;8;0
668;1;0
668;2;0
668;3;0
668;4;1
668;5;0
668;6;0
668;7;0
668;8;0
669;1;0
669;2;0
669;3;0
669;4;0
669;5;0
669;6;0
669;7;0
669;8;0
670;1;0
670;2;0
670;3;0
670;4;0
670;5;1
670;6;0
670;7;0
670;8;0
671;1;0
671;2;0
671;3;0
671;4;0
671;5;1
671;6;0
671;7;0
671;8;0
672;1;0
672;2;0
672;3;0
672;4;0
672;5;0
672;6;0
672;7;0
672;8;0
673;1;0
673;2;0
673;3;0
673;4;0
673;5;1
673;6;0
673;7;1
673;8;0
674;1;0
674;2;1
674;3;0
674;4;0
674;5;0
674;6;0
674;7;0
674;8;0
675;1;0
675;2;0
675;3;0
675;4;0
675;5;1
675;6;1
675;7;0
675;8;0
676;1;0
676;2;0
676;3;0
676;4;0
676;5;1
676;6;0
676;7;1
676;8;0
677;1;0
677;2;0
677;3;0
677;4;0
677;5;0
677;6;0
677;7;0
677;8;1
678;1;0
678;2;0
678;3;0
678;4;0
678;5;0
678;6;0
678;7;0
678;8;0
679;1;0
679;2;0
679;3;0
679;4;0
679;5;0
679;6;0
679;7;0
679;8;0
680;1;0
680;2;0
680;3;0
680;4;0
680;5;0
680;6;0
680;7;1
680;8;0
681;1;0
681;2;0
681;3;0
681;4;0
681;5;0
681;6;0
681;7;0
681;8;0
682;1;0
682;2;0
682;3;0
682;4;0
682;5;1
682;6;0
682;7;1
682;8;0
683;1;0
683;2;0
683;3;0
683;4;0
683;5;0
683;6;0
683;7;0
683;8;0
684;1;0
684;2;0
684;3;0
684;4;0
684;5;0
684;6;1
684;7;0
684;8;0
685;1;0
685;2;0
685;3;0
685;4;0
685;5;0
685;6;0
685;7;0
685;8;0
686;1;0
686;2;0
686;3;0
686;4;0
686;5;0
686;6;0
686;7;0
686;8;0
687;1;0
687;2;0
687;3;0
687;4;0
687;5;0
687;6;0
687;7;0
687;8;0
688;1;0
688;2;0
688;3;0
688;4;0
688;5;1
688;6;0
688;7;0
688;8;0
689;1;0
689;2;0
689;3;0
689;4;0
689;5;0
689;6;0
689;7;0
689;8;0
690;1;0
690;2;0
690;3;0
690;4;0
690;5;0
690;6;0
690;7;0
690;8;0
691;1;0
691;2;0
691;3;0
691;4;0
691;5;0
691;6;1
691;7;0
691;8;0
692;1;0
692;2;0
692;3;0
692;4;0
692;5;0
692;6;1
692;7;1
692;8;0
693;1;0
693;2;0
693;3;0
693;4;0
693;5;1
693;6;1
693;7;0
693;8;1
694;1;0
694;2;0
694;3;1
694;4;1
694;5;0
694;6;1
694;7;0
694;8;1
695;1;0
695;2;0
695;3;0
695;4;0
695;5;0
695;6;0
695;7;0
695;8;1
696;1;0
696;2;0
696;3;0
696;4;0
696;5;0
696;6;1
696;7;0
696;8;0
697;1;0
697;2;0
697;3;0
697;4;1
697;5;1
697;6;0
697;7;0
697;8;0
698;1;0
698;2;0
698;3;1
698;4;0
698;5;0
698;6;0
698;7;0
698;8;0
699;1;0
699;2;0
699;3;0
699;4;0
699;5;0
699;6;1
699;7;0
699;8;0
700;1;0
700;2;0
700;3;0
700;4;0
700;5;0
700;6;0
700;7;0
700;8;0
701;1;0
701;2;0
701;3;0
701;4;0
701;5;1
701;6;0
701;7;0
701;8;0
702;1;0
702;2;0
702;3;0
702;4;0
702;5;0
702;6;0
702;7;0
702;8;0
703;1;0
703;2;0
703;3;0
703;4;1
703;5;0
703;6;0
703;7;0
703;8;0
704;1;1
704;2;0
704;3;0
704;4;1
704;5;0
704;6;1
704;7;1
704;8;0
705;1;0
705;2;0
705;3;0
705;4;0
705;5;0
705;6;0
705;7;0
705;8;0
706;1;1
706;2;0
706;3;0
706;4;0
706;5;0
706;6;0
706;7;0
706;8;0
707;1;0
707;2;0
707;3;0
707;4;0
707;5;0
707;6;0
707;7;0
707;8;0
708;1;0
708;2;0
708;3;0
708;4;0
708;5;0
708;6;0
708;7;0
708;8;0
709;1;0
709;2;0
709;3;0
709;4;1
709;5;0
709;6;0
709;7;0
709;8;0
710;1;0
710;2;0
710;3;0
710;4;1
710;5;0
710;6;0
710;7;0
710;8;0
711;1;0
711;2;0
711;3;0
711;4;0
711;5;0
711;6;1
711;7;0
711;8;0
712;1;0
712;2;0
712;3;0
712;4;1
712;5;0
712;6;1
712;7;0
712;8;0
713;1;0
713;2;0
713;3;0
713;4;0
713;5;0
713;6;0
713;7;0
713;8;0
714;1;0
714;2;0
714;3;0
714;4;0
714;5;0
714;6;0
714;7;1
714;8;0
715;1;0
715;2;0
715;3;0
715;4;0
715;5;0
715;6;0
715;7;0
715;8;0
716;1;0
716;2;0
716;3;0
716;4;0
716;5;0
716;6;0
716;7;0
716;8;0
717;1;0
717;2;0
717;3;0
717;4;1
717;5;0
717;6;0
717;7;0
717;8;0
718;1;0
718;2;0
718;3;0
718;4;0
718;5;1
718;6;0
718;7;0
718;8;0
719;1;0
719;2;0
719;3;0
719;4;0
719;5;0
719;6;0
719;7;0
719;8;0
720;1;0
720;2;0
720;3;1
720;4;0
720;5;0
720;6;0
720;7;1
720;8;0
721;1;0
721;2;0
721;3;0
721;4;0
721;5;0
721;6;0
721;7;0
721;8;0
722;1;0
722;2;0
722;3;0
722;4;0
722;5;0
722;6;0
722;7;0
722;8;0
723;1;0
723;2;0
723;3;0
723;4;0
723;5;0
723;6;0
723;7;0
723;8;0
724;1;0
724;2;0
724;3;0
724;4;0
724;5;0
724;6;0
724;7;0
724;8;1
725;1;0
725;2;0
725;3;0
725;4;1
725;5;0
725;6;0
725;7;0
725;8;0
726;1;0
726;2;0
726;3;0
726;4;0
726;5;0
726;6;0
726;7;0
726;8;0
727;1;0
727;2;0
727;3;0
727;4;0
727;5;0
727;6;0
727;7;0
727;8;0
728;1;0
728;2;0
728;3;0
728;4;0
728;5;1
728;6;0
728;7;0
728;8;0
729;1;0
729;2;0
729;3;1
729;4;0
729;5;0
729;6;1
729;7;0
729;8;0
730;1;0
730;2;0
730;3;0
730;4;0
730;5;1
730;6;0
730;7;0
730;8;0
731;1;0
731;2;0
731;3;0
731;4;0
731;5;1
731;6;0
731;7;0
731;8;0
732;1;0
732;2;0
732;3;0
732;4;1
732;5;1
732;6;0
732;7;0
732;8;1
733;1;0
733;2;0
733;3;0
733;4;0
733;5;1
733;6;0
733;7;0
733;8;0
734;1;0
734;2;0
734;3;0
734;4;0
734;5;0
734;6;0
734;7;0
734;8;0
735;1;0
735;2;0
735;3;0
735;4;0
735;5;0
735;6;0
735;7;0
735;8;0
736;1;0
736;2;0
736;3;0
736;4;0
736;5;0
736;6;0
736;7;0
736;8;0
737;1;0
737;2;0
737;3;0
737;4;0
737;5;1
737;6;0
737;7;0
737;8;0
738;1;0
738;2;0
738;3;0
738;4;0
738;5;0
738;6;1
738;7;0
738;8;0
739;1;0
739;2;0
739;3;0
739;4;0
739;5;0
739;6;0
739;7;0
739;8;0
740;1;0
740;2;1
740;3;0
740;4;0
740;5;1
740;6;0
740;7;0
740;8;0
741;1;0
741;2;0
741;3;0
741;4;0
741;5;0
741;6;0
741;7;0
741;8;0
742;1;0
742;2;0
742;3;0
742;4;0
742;5;1
742;6;0
742;7;0
742;8;0
743;1;0
743;2;0
743;3;0
743;4;0
743;5;1
743;6;0
743;7;0
743;8;1
744;1;0
744;2;0
744;3;0
744;4;0
744;5;1
744;6;0
744;7;0
744;8;0
745;1;0
745;2;0
745;3;0
745;4;0
745;5;0
745;6;0
745;7;0
745;8;0
746;1;0
746;2;0
746;3;0
746;4;0
746;5;1
746;6;0
746;7;0
746;8;0
747;1;0
747;2;0
747;3;0
747;4;0
747;5;0
747;6;0
747;7;0
747;8;1
748;1;0
748;2;0
748;3;0
748;4;0
748;5;1
748;6;1
748;7;0
748;8;0
749;1;0
749;2;0
749;3;0
749;4;0
749;5;0
749;6;0
749;7;0
749;8;0
750;1;0
750;2;0
750;3;0
750;4;1
750;5;1
750;6;0
750;7;0
750;8;0
751;1;0
751;2;0
751;3;0
751;4;0
751;5;0
751;6;0
751;7;0
751;8;0
752;1;0
752;2;0
752;3;0
752;4;0
752;5;0
752;6;0
752;7;0
752;8;0
753;1;0
753;2;0
753;3;0
753;4;1
753;5;0
753;6;0
753;7;0
753;8;0
754;1;0
754;2;0
754;3;1
754;4;0
754;5;0
754;6;0
754;7;0
754;8;0
755;1;0
755;2;0
755;3;0
755;4;0
755;5;0
755;6;1
755;7;0
755;8;0
756;1;1
756;2;0
756;3;0
756;4;0
756;5;0
756;6;0
756;7;0
756;8;0
757;1;1
757;2;0
757;3;0
757;4;0
757;5;0
757;6;0
757;7;0
757;8;0
758;1;0
758;2;0
758;3;0
758;4;1
758;5;0
758;6;0
758;7;1
758;8;0
759;1;0
759;2;0
759;3;0
759;4;0
759;5;0
759;6;0
759;7;0
759;8;0
760;1;0
760;2;0
760;3;0
760;4;0
760;5;1
760;6;0
760;7;0
760;8;0
761;1;0
761;2;0
761;3;1
761;4;0
761;5;0
761;6;0
761;7;1
761;8;0
762;1;0
762;2;0
762;3;1
762;4;0
762;5;0
762;6;0
762;7;0
762;8;1
763;1;0
763;2;0
763;3;0
763;4;0
763;5;0
763;6;0
763;7;1
763;8;0
764;1;0
764;2;0
764;3;0
764;4;1
764;5;0
764;6;0
764;7;0
764;8;0
765;1;0
765;2;0
765;3;1
765;4;1
765;5;0
765;6;1
765;7;0
765;8;0
766;1;0
766;2;1
766;3;0
766;4;0
766;5;1
766;6;0
766;7;0
766;8;0
767;1;0
767;2;0
767;3;0
767;4;0
767;5;0
767;6;1
767;7;0
767;8;0
768;1;0
768;2;0
768;3;0
768;4;0
768;5;1
768;6;0
768;7;0
768;8;0
769;1;0
769;2;0
769;3;0
769;4;0
769;5;1
769;6;0
769;7;1
769;8;0
770;1;0
770;2;0
770;3;0
770;4;1
770;5;0
770;6;0
770;7;0
770;8;1
771;1;0
771;2;0
771;3;0
771;4;0
771;5;1
771;6;0
771;7;0
771;8;1
772;1;0
772;2;0
772;3;0
772;4;0
772;5;0
772;6;0
772;7;0
772;8;0
773;1;0
773;2;0
773;3;1
773;4;1
773;5;0
773;6;0
773;7;0
773;8;0
774;1;0
774;2;0
774;3;0
774;4;0
774;5;1
774;6;0
774;7;0
774;8;0
775;1;0
775;2;0
775;3;0
775;4;0
775;5;0
775;6;0
775;7;0
775;8;1
776;1;0
776;2;0
776;3;0
776;4;0
776;5;0
776;6;1
776;7;0
776;8;0
777;1;0
777;2;0
777;3;0
777;4;0
777;5;1
777;6;0
777;7;0
777;8;1
778;1;0
778;2;0
778;3;0
778;4;0
778;5;0
778;6;0
778;7;0
778;8;0
779;1;0
779;2;0
779;3;0
779;4;0
779;5;0
779;6;0
779;7;0
779;8;0
780;1;0
780;2;0
780;3;0
780;4;0
780;5;0
780;6;0
780;7;0
780;8;0
781;1;0
781;2;0
781;3;0
781;4;1
781;5;0
781;6;0
781;7;0
781;8;0
782;1;0
782;2;0
782;3;0
782;4;0
782;5;0
782;6;1
782;7;0
782;8;1
783;1;0
783;2;0
783;3;1
783;4;0
783;5;0
783;6;0
783;7;0
783;8;0
784;1;0
784;2;0
784;3;0
784;4;0
784;5;0
784;6;0
784;7;0
784;8;0
785;1;0
785;2;0
785;3;1
785;4;1
785;5;0
785;6;0
785;7;0
785;8;1
786;1;0
786;2;0
786;3;0
786;4;0
786;5;0
786;6;0
786;7;0
786;8;0
787;1;0
787;2;0
787;3;0
787;4;1
787;5;0
787;6;0
787;7;0
787;8;0
788;1;0
788;2;0
788;3;0
788;4;0
788;5;1
788;6;1
788;7;0
788;8;0
789;1;0
789;2;0
789;3;0
789;4;0
789;5;0
789;6;0
789;7;0
789;8;0
790;1;0
790;2;0
790;3;0
790;4;0
790;5;0
790;6;1
790;7;0
790;8;0
791;1;0
791;2;0
791;3;0
791;4;0
791;5;1
791;6;0
791;7;0
791;8;0
792;1;0
792;2;0
792;3;0
792;4;0
792;5;0
792;6;0
792;7;0
792;8;0
793;1;0
793;2;0
793;3;0
793;4;0
793;5;0
793;6;1
793;7;0
793;8;0
794;1;0
794;2;0
794;3;1
794;4;0
794;5;0
794;6;0
794;7;0
794;8;0
795;1;0
795;2;0
795;3;0
795;4;1
795;5;0
795;6;0
795;7;1
795;8;1
796;1;1
796;2;0
796;3;0
796;4;0
796;5;0
796;6;1
796;7;1
796;8;0
797;1;0
797;2;0
797;3;0
797;4;1
797;5;1
797;6;1
797;7;0
797;8;0
798;1;0
798;2;0
798;3;0
798;4;0
798;5;1
798;6;0
798;7;0
798;8;0
799;1;0
799;2;0
799;3;0
799;4;1
799;5;0
799;6;0
799;7;1
799;8;0
800;1;0
800;2;0
800;3;0
800;4;1
800;5;1
800;6;0
800;7;0
800;8;0
801;1;0
801;2;0
801;3;0
801;4;0
801;5;0
801;6;0
801;7;0
801;8;0
802;1;0
802;2;0
802;3;1
802;4;0
802;5;0
802;6;0
802;7;0
802;8;0
803;1;0
803;2;0
803;3;0
803;4;1
803;5;0
803;6;0
803;7;0
803;8;0
804;1;0
804;2;0
804;3;0
804;4;0
804;5;0
804;6;0
804;7;0
804;8;0
805;1;0
805;2;0
805;3;0
805;4;0
805;5;0
805;6;0
805;7;0
805;8;0
806;1;0
806;2;0
806;3;0
806;4;0
806;5;0
806;6;0
806;7;0
806;8;0
807;1;0
807;2;0
807;3;1
807;4;0
807;5;1
807;6;0
807;7;1
807;8;0
808;1;0
808;2;1
808;3;0
808;4;0
808;5;0
808;6;1
808;7;0
808;8;0
809;1;0
809;2;0
809;3;0
809;4;0
809;5;0
809;6;0
809;7;0
809;8;0
810;1;0
810;2;0
810;3;1
810;4;0
810;5;1
810;6;0
810;7;0
810;8;0
811;1;0
811;2;0
811;3;0
811;4;1
811;5;0
811;6;0
811;7;0
811;8;0
812;1;0
812;2;0
812;3;0
812;4;1
812;5;1
812;6;1
812;7;1
812;8;0
813;1;0
813;2;0
813;3;0
813;4;0
813;5;0
813;6;0
813;7;0
813;8;0
814;1;0
814;2;0
814;3;0
814;4;0
814;5;0
814;6;0
814;7;0
814;8;1
815;1;0
815;2;0
815;3;0
815;4;0
815;5;0
815;6;1
815;7;0
815;8;0
816;1;0
816;2;0
816;3;1
816;4;0
816;5;1
816;6;0
816;7;0
816;8;0
817;1;0
817;2;0
817;3;0
817;4;1
817;5;0
817;6;0
817;7;0
817;8;0
818;1;0
818;2;0
818;3;0
818;4;0
818;5;0
818;6;0
818;7;0
818;8;0
819;1;0
819;2;0
819;3;0
819;4;0
819;5;0
819;6;0
819;7;0
819;8;0
820;1;0
820;2;0
820;3;0
820;4;0
820;5;1
820;6;0
820;7;1
820;8;0
821;1;0
821;2;0
821;3;0
821;4;0
821;5;1
821;6;0
821;7;0
821;8;0
822;1;0
822;2;0
822;3;0
822;4;0
822;5;0
822;6;0
822;7;0
822;8;0
823;1;1
823;2;0
823;3;0
823;4;0
823;5;0
823;6;0
823;7;0
823;8;0
824;1;0
824;2;0
824;3;0
824;4;0
824;5;0
824;6;0
824;7;0
824;8;0
825;1;0
825;2;0
825;3;0
825;4;0
825;5;0
825;6;0
825;7;0
825;8;0
826;1;0
826;2;1
826;3;0
826;4;0
826;5;0
826;6;0
826;7;0
826;8;0
827;1;0
827;2;0
827;3;0
827;4;1
827;5;0
827;6;0
827;7;0
827;8;0
828;1;0
828;2;0
828;3;0
828;4;0
828;5;0
828;6;0
828;7;0
828;8;0
829;1;0
829;2;0
829;3;0
829;4;0
829;5;1
829;6;0
829;7;0
829;8;0
830;1;0
830;2;0
830;3;0
830;4;0
830;5;0
830;6;0
830;7;0
830;8;0
831;1;0
831;2;0
831;3;0
831;4;1
831;5;1
831;6;0
831;7;0
831;8;1
832;1;0
832;2;0
832;3;0
832;4;0
832;5;0
832;6;0
832;7;1
832;8;0
833;1;0
833;2;0
833;3;0
833;4;1
833;5;1
833;6;0
833;7;0
833;8;0
834;1;0
834;2;0
834;3;0
834;4;0
834;5;0
834;6;0
834;7;0
834;8;0
835;1;0
835;2;0
835;3;0
835;4;0
835;5;0
835;6;1
835;7;0
835;8;0
836;1;0
836;2;0
836;3;0
836;4;0
836;5;1
836;6;0
836;7;0
836;8;0
837;1;0
837;2;0
837;3;0
837;4;0
837;5;0
837;6;0
837;7;0
837;8;0
838;1;1
838;2;0
838;3;0
838;4;0
838;5;0
838;6;0
838;7;0
838;8;0
839;1;0
839;2;0
839;3;1
839;4;0
839;5;0
839;6;0
839;7;1
839;8;1
840;1;0
840;2;0
840;3;0
840;4;0
840;5;0
840;6;1
840;7;1
840;8;0
841;1;0
841;2;0
841;3;0
841;4;0
841;5;0
841;6;0
841;7;0
841;8;0
842;1;0
842;2;0
842;3;0
842;4;0
842;5;0
842;6;1
842;7;0
842;8;1
843;1;0
843;2;0
843;3;0
843;4;0
843;5;0
843;6;0
843;7;0
843;8;0
844;1;0
844;2;0
844;3;0
844;4;0
844;5;1
844;6;1
844;7;0
844;8;0
845;1;0
845;2;0
845;3;0
845;4;0
845;5;0
845;6;0
845;7;0
845;8;0
846;1;0
846;2;0
846;3;0
846;4;0
846;5;0
846;6;0
846;7;1
846;8;0
847;1;0
847;2;1
847;3;0
847;4;0
847;5;1
847;6;0
847;7;0
847;8;0
848;1;0
848;2;0
848;3;0
848;4;1
848;5;0
848;6;1
848;7;0
848;8;0
849;1;0
849;2;0
849;3;1
849;4;0
849;5;0
849;6;1
849;7;0
849;8;0
850;1;0
850;2;0
850;3;1
850;4;0
850;5;0
850;6;1
850;7;0
850;8;0
851;1;0
851;2;0
851;3;0
851;4;0
851;5;0
851;6;0
851;7;0
851;8;0
852;1;0
852;2;0
852;3;0
852;4;0
852;5;0
852;6;0
852;7;0
852;8;0
853;1;0
853;2;0
853;3;0
853;4;0
853;5;0
853;6;0
853;7;0
853;8;0
854;1;0
854;2;0
854;3;0
854;4;0
854;5;0
854;6;0
854;7;0
854;8;0
855;1;0
855;2;0
855;3;0
855;4;0
855;5;0
855;6;0
855;7;0
855;8;0
856;1;0
856;2;0
856;3;0
856;4;0
856;5;0
856;6;0
856;7;0
856;8;0
857;1;0
857;2;0
857;3;0
857;4;0
857;5;0
857;6;0
857;7;0
857;8;0
858;1;0
858;2;0
858;3;0
858;4;0
858;5;0
858;6;0
858;7;0
858;8;1
859;1;0
859;2;0
859;3;0
859;4;1
859;5;0
859;6;0
859;7;1
859;8;0
860;1;0
860;2;0
860;3;0
860;4;1
860;5;0
860;6;0
860;7;0
860;8;0
861;1;0
861;2;0
861;3;0
861;4;0
861;5;1
861;6;0
861;7;0
861;8;0
862;1;0
862;2;0
862;3;0
862;4;0
862;5;1
862;6;0
862;7;0
862;8;0
863;1;0
863;2;0
863;3;0
863;4;0
863;5;0
863;6;0
863;7;0
863;8;0
864;1;0
864;2;0
864;3;1
864;4;0
864;5;0
864;6;0
864;7;1
864;8;0
865;1;0
865;2;0
865;3;0
865;4;0
865;5;0
865;6;1
865;7;0
865;8;0
866;1;0
866;2;0
866;3;0
866;4;1
866;5;0
866;6;0
866;7;0
866;8;0
867;1;0
867;2;0
867;3;0
867;4;0
867;5;0
867;6;0
867;7;0
867;8;0
868;1;0
868;2;0
868;3;0
868;4;1
868;5;1
868;6;0
868;7;0
868;8;0
869;1;0
869;2;0
869;3;1
869;4;1
869;5;0
869;6;0
869;7;1
869;8;0
870;1;0
870;2;0
870;3;0
870;4;0
870;5;0
870;6;0
870;7;1
870;8;0
871;1;0
871;2;0
871;3;0
871;4;1
871;5;0
871;6;0
871;7;0
871;8;0
872;1;0
872;2;0
872;3;0
872;4;0
872;5;0
872;6;0
872;7;0
872;8;0
873;1;0
873;2;0
873;3;0
873;4;1
873;5;0
873;6;0
873;7;0
873;8;0
874;1;1
874;2;0
874;3;0
874;4;0
874;5;0
874;6;1
874;7;0
874;8;0
875;1;0
875;2;0
875;3;0
875;4;1
875;5;0
875;6;0
875;7;0
875;8;0
876;1;0
876;2;0
876;3;0
876;4;1
876;5;0
876;6;0
876;7;0
876;8;0
877;1;0
877;2;0
877;3;0
877;4;0
877;5;1
877;6;0
877;7;1
877;8;0
878;1;1
878;2;0
878;3;0
878;4;0
878;5;0
878;6;0
878;7;0
878;8;0
879;1;0
879;2;0
879;3;0
879;4;0
879;5;0
879;6;0
879;7;0
879;8;0
880;1;0
880;2;0
880;3;0
880;4;0
880;5;1
880;6;0
880;7;0
880;8;1
881;1;0
881;2;0
881;3;0
881;4;0
881;5;0
881;6;0
881;7;0
881;8;0
882;1;0
882;2;0
882;3;0
882;4;0
882;5;0
882;6;0
882;7;0
882;8;0
883;1;0
883;2;0
883;3;0
883;4;0
883;5;0
883;6;0
883;7;0
883;8;1
884;1;0
884;2;0
884;3;0
884;4;0
884;5;0
884;6;0
884;7;0
884;8;0
885;1;0
885;2;0
885;3;0
885;4;0
885;5;0
885;6;0
885;7;1
885;8;0
886;1;0
886;2;0
886;3;0
886;4;1
886;5;0
886;6;1
886;7;0
886;8;0
887;1;0
887;2;0
887;3;0
887;4;0
887;5;0
887;6;1
887;7;1
887;8;0
888;1;0
888;2;0
888;3;0
888;4;0
888;5;0
888;6;0
888;7;0
888;8;0
889;1;0
889;2;0
889;3;0
889;4;0
889;5;1
889;6;0
889;7;0
889;8;0
890;1;1
890;2;0
890;3;0
890;4;0
890;5;0
890;6;1
890;7;0
890;8;0
891;1;0
891;2;0
891;3;0
891;4;0
891;5;0
891;6;0
891;7;0
891;8;0
892;1;0
892;2;0
892;3;0
892;4;1
892;5;0
892;6;1
892;7;0
892;8;0
893;1;0
893;2;0
893;3;1
893;4;0
893;5;0
893;6;0
893;7;0
893;8;0
894;1;0
894;2;0
894;3;0
894;4;1
894;5;1
894;6;1
894;7;0
894;8;0
895;1;0
895;2;0
895;3;0
895;4;0
895;5;1
895;6;0
895;7;0
895;8;0
896;1;0
896;2;0
896;3;0
896;4;0
896;5;0
896;6;0
896;7;0
896;8;0
897;1;0
897;2;0
897;3;0
897;4;1
897;5;0
897;6;0
897;7;0
897;8;0
898;1;0
898;2;0
898;3;0
898;4;0
898;5;0
898;6;0
898;7;1
898;8;0
899;1;0
899;2;0
899;3;0
899;4;0
899;5;0
899;6;0
899;7;0
899;8;0
900;1;0
900;2;0
900;3;0
900;4;0
900;5;0
900;6;0
900;7;0
900;8;0
901;1;0
901;2;0
901;3;0
901;4;1
901;5;1
901;6;0
901;7;0
901;8;0
902;1;0
902;2;0
902;3;0
902;4;0
902;5;0
902;6;1
902;7;0
902;8;1
903;1;0
903;2;1
903;3;0
903;4;0
903;5;0
903;6;0
903;7;0
903;8;0
904;1;0
904;2;0
904;3;0
904;4;0
904;5;0
904;6;1
904;7;0
904;8;0
905;1;0
905;2;0
905;3;0
905;4;1
905;5;0
905;6;0
905;7;0
905;8;0
906;1;0
906;2;0
906;3;0
906;4;0
906;5;1
906;6;1
906;7;0
906;8;0
907;1;0
907;2;0
907;3;0
907;4;1
907;5;0
907;6;0
907;7;0
907;8;0
908;1;0
908;2;0
908;3;0
908;4;0
908;5;0
908;6;0
908;7;0
908;8;0
909;1;0
909;2;0
909;3;0
909;4;0
909;5;0
909;6;1
909;7;0
909;8;0
910;1;0
910;2;0
910;3;0
910;4;0
910;5;1
910;6;0
910;7;1
910;8;0
911;1;0
911;2;0
911;3;0
911;4;1
911;5;1
911;6;1
911;7;1
911;8;0
912;1;0
912;2;0
912;3;0
912;4;1
912;5;0
912;6;0
912;7;0
912;8;0
913;1;1
913;2;0
913;3;0
913;4;0
913;5;0
913;6;0
913;7;0
913;8;0
914;1;0
914;2;0
914;3;0
914;4;0
914;5;0
914;6;0
914;7;0
914;8;0
915;1;0
915;2;0
915;3;0
915;4;1
915;5;0
915;6;0
915;7;0
915;8;0
916;1;0
916;2;0
916;3;0
916;4;1
916;5;0
916;6;0
916;7;0
916;8;0
917;1;0
917;2;1
917;3;0
917;4;0
917;5;0
917;6;0
917;7;0
917;8;0
918;1;0
918;2;0
918;3;0
918;4;0
918;5;1
918;6;0
918;7;0
918;8;0
919;1;0
919;2;1
919;3;0
919;4;0
919;5;0
919;6;0
919;7;0
919;8;0
920;1;0
920;2;0
920;3;0
920;4;1
920;5;0
920;6;0
920;7;0
920;8;0
921;1;0
921;2;1
921;3;1
921;4;0
921;5;0
921;6;0
921;7;0
921;8;0
922;1;0
922;2;0
922;3;0
922;4;0
922;5;1
922;6;1
922;7;0
922;8;0
923;1;0
923;2;0
923;3;0
923;4;0
923;5;0
923;6;0
923;7;0
923;8;0
924;1;0
924;2;0
924;3;0
924;4;0
924;5;0
924;6;0
924;7;0
924;8;0
925;1;0
925;2;0
925;3;0
925;4;0
925;5;0
925;6;0
925;7;1
925;8;0
926;1;0
926;2;0
926;3;0
926;4;0
926;5;0
926;6;0
926;7;1
926;8;0
927;1;0
927;2;0
927;3;0
927;4;0
927;5;0
927;6;0
927;7;0
927;8;0
928;1;0
928;2;0
928;3;0
928;4;0
928;5;0
928;6;0
928;7;0
928;8;1
929;1;0
929;2;0
929;3;1
929;4;0
929;5;1
929;6;0
929;7;0
929;8;0
930;1;0
930;2;0
930;3;0
930;4;1
930;5;0
930;6;0
930;7;0
930;8;0
931;1;0
931;2;0
931;3;0
931;4;0
931;5;0
931;6;0
931;7;0
931;8;1
932;1;0
932;2;0
932;3;0
932;4;1
932;5;0
932;6;0
932;7;0
932;8;0
933;1;0
933;2;0
933;3;1
933;4;0
933;5;0
933;6;1
933;7;1
933;8;0
934;1;1
934;2;0
934;3;0
934;4;0
934;5;0
934;6;0
934;7;0
934;8;0
935;1;0
935;2;0
935;3;0
935;4;0
935;5;0
935;6;1
935;7;0
935;8;0
936;1;0
936;2;0
936;3;0
936;4;0
936;5;1
936;6;0
936;7;0
936;8;0
937;1;0
937;2;0
937;3;0
937;4;0
937;5;1
937;6;0
937;7;0
937;8;0
938;1;0
938;2;0
938;3;0
938;4;0
938;5;0
938;6;0
938;7;0
938;8;0
939;1;0
939;2;0
939;3;0
939;4;0
939;5;0
939;6;0
939;7;0
939;8;0
940;1;0
940;2;0
940;3;0
940;4;1
940;5;1
940;6;0
940;7;0
940;8;0
941;1;0
941;2;0
941;3;0
941;4;0
941;5;0
941;6;0
941;7;0
941;8;0
942;1;0
942;2;0
942;3;0
942;4;1
942;5;0
942;6;0
942;7;0
942;8;0
943;1;0
943;2;0
943;3;0
943;4;0
943;5;0
943;6;0
943;7;1
943;8;0
944;1;0
944;2;0
944;3;0
944;4;1
944;5;0
944;6;0
944;7;0
944;8;0
945;1;0
945;2;0
945;3;0
945;4;0
945;5;0
945;6;0
945;7;0
945;8;0
946;1;0
946;2;0
946;3;0
946;4;1
946;5;0
946;6;0
946;7;0
946;8;0
947;1;0
947;2;0
947;3;0
947;4;0
947;5;0
947;6;0
947;7;0
947;8;0
948;1;0
948;2;0
948;3;0
948;4;0
948;5;0
948;6;0
948;7;0
948;8;1
949;1;0
949;2;0
949;3;0
949;4;0
949;5;0
949;6;0
949;7;0
949;8;0
950;1;0
950;2;1
950;3;0
950;4;0
950;5;0
950;6;0
950;7;0
950;8;0
951;1;0
951;2;0
951;3;0
951;4;0
951;5;1
951;6;0
951;7;1
951;8;0
952;1;0
952;2;0
952;3;0
952;4;0
952;5;0
952;6;0
952;7;0
952;8;0
953;1;0
953;2;0
953;3;0
953;4;0
953;5;1
953;6;0
953;7;0
953;8;0
954;1;0
954;2;0
954;3;0
954;4;0
954;5;1
954;6;1
954;7;0
954;8;0
955;1;0
955;2;0
955;3;0
955;4;0
955;5;0
955;6;0
955;7;0
955;8;0
956;1;0
956;2;0
956;3;0
956;4;0
956;5;0
956;6;0
956;7;0
956;8;0
957;1;0
957;2;0
957;3;0
957;4;0
957;5;1
957;6;0
957;7;0
957;8;0
958;1;0
958;2;0
958;3;0
958;4;1
958;5;0
958;6;0
958;7;0
958;8;0
959;1;0
959;2;0
959;3;1
959;4;0
959;5;1
959;6;0
959;7;1
959;8;0
960;1;0
960;2;0
960;3;0
960;4;0
960;5;0
960;6;0
960;7;1
960;8;1
961;1;0
961;2;0
961;3;0
961;4;0
961;5;0
961;6;0
961;7;0
961;8;0
962;1;0
962;2;0
962;3;0
962;4;0
962;5;0
962;6;0
962;7;0
962;8;0
963;1;0
963;2;0
963;3;1
963;4;0
963;5;0
963;6;0
963;7;1
963;8;0
964;1;0
964;2;0
964;3;0
964;4;0
964;5;0
964;6;1
964;7;0
964;8;0
965;1;0
965;2;0
965;3;0
965;4;0
965;5;0
965;6;0
965;7;0
965;8;0
966;1;0
966;2;0
966;3;0
966;4;0
966;5;0
966;6;0
966;7;0
966;8;0
967;1;0
967;2;0
967;3;0
967;4;0
967;5;0
967;6;0
967;7;0
967;8;0
968;1;0
968;2;0
968;3;0
968;4;0
968;5;1
968;6;0
968;7;1
968;8;0
969;1;0
969;2;0
969;3;0
969;4;0
969;5;0
969;6;0
969;7;0
969;8;1
970;1;0
970;2;0
970;3;0
970;4;0
970;5;0
970;6;1
970;7;0
970;8;0
971;1;0
971;2;0
971;3;0
971;4;0
971;5;1
971;6;0
971;7;0
971;8;0
972;1;0
972;2;0
972;3;0
972;4;0
972;5;0
972;6;0
972;7;0
972;8;0
973;1;0
973;2;0
973;3;0
973;4;0
973;5;0
973;6;0
973;7;0
973;8;0
974;1;0
974;2;0
974;3;0
974;4;0
974;5;0
974;6;0
974;7;0
974;8;0
975;1;0
975;2;0
975;3;0
975;4;0
975;5;1
975;6;0
975;7;0
975;8;0
976;1;0
976;2;0
976;3;0
976;4;1
976;5;0
976;6;0
976;7;0
976;8;0
977;1;0
977;2;0
977;3;0
977;4;0
977;5;0
977;6;1
977;7;0
977;8;0
978;1;0
978;2;0
978;3;0
978;4;0
978;5;0
978;6;0
978;7;0
978;8;0
979;1;0
979;2;0
979;3;0
979;4;0
979;5;1
979;6;0
979;7;0
979;8;0
980;1;0
980;2;0
980;3;0
980;4;1
980;5;1
980;6;1
980;7;1
980;8;1
981;1;0
981;2;0
981;3;0
981;4;0
981;5;0
981;6;0
981;7;0
981;8;0
982;1;0
982;2;0
982;3;0
982;4;0
982;5;1
982;6;0
982;7;0
982;8;0
983;1;0
983;2;0
983;3;0
983;4;0
983;5;1
983;6;1
983;7;0
983;8;0
984;1;0
984;2;0
984;3;0
984;4;0
984;5;0
984;6;1
984;7;0
984;8;0
985;1;0
985;2;0
985;3;0
985;4;0
985;5;0
985;6;0
985;7;0
985;8;0
986;1;0
986;2;0
986;3;0
986;4;0
986;5;1
986;6;0
986;7;0
986;8;1
987;1;0
987;2;0
987;3;0
987;4;0
987;5;0
987;6;0
987;7;1
987;8;0
988;1;0
988;2;0
988;3;0
988;4;0
988;5;1
988;6;0
988;7;1
988;8;0
989;1;0
989;2;0
989;3;0
989;4;0
989;5;0
989;6;0
989;7;0
989;8;1
990;1;0
990;2;0
990;3;0
990;4;0
990;5;1
990;6;0
990;7;0
990;8;0
991;1;0
991;2;0
991;3;0
991;4;0
991;5;0
991;6;0
991;7;0
991;8;0
992;1;0
992;2;0
992;3;0
992;4;0
992;5;0
992;6;0
992;7;0
992;8;0
993;1;0
993;2;0
993;3;0
993;4;0
993;5;0
993;6;0
993;7;0
993;8;0
994;1;0
994;2;0
994;3;0
994;4;0
994;5;0
994;6;0
994;7;0
994;8;0
995;1;1
995;2;0
995;3;0
995;4;0
995;5;1
995;6;0
995;7;0
995;8;0
996;1;0
996;2;0
996;3;0
996;4;0
996;5;0
996;6;0
996;7;0
996;8;0
997;1;0
997;2;0
997;3;0
997;4;1
997;5;1
997;6;0
997;7;0
997;8;0
998;1;0
998;2;0
998;3;0
998;4;0
998;5;0
998;6;0
998;7;1
998;8;0
999;1;0
999;2;0
999;3;0
999;4;0
999;5;0
999;6;0
999;7;0
999;8;0
1000;1;0
1000;2;0
1000;3;0
1000;4;0
1000;5;0
1000;6;1
1000;7;0
1000;8;0
1001;1;0
1001;2;0
1001;3;0
1001;4;0
1001;5;0
1001;6;0
1001;7;0
1001;8;0
1002;1;0
1002;2;0
1002;3;0
1002;4;0
1002;5;0
1002;6;0
1002;7;0
1002;8;0
1003;1;0
1003;2;0
1003;3;0
1003;4;0
1003;5;0
1003;6;0
1003;7;0
1003;8;0
1004;1;0
1004;2;0
1004;3;0
1004;4;0
1004;5;0
1004;6;1
1004;7;0
1004;8;0
1005;1;0
1005;2;0
1005;3;0
1005;4;1
1005;5;0
1005;6;0
1005;7;0
1005;8;0
1006;1;0
1006;2;0
1006;3;0
1006;4;0
1006;5;0
1006;6;1
1006;7;1
1006;8;0
1007;1;0
1007;2;0
1007;3;0
1007;4;0
1007;5;0
1007;6;0
1007;7;1
1007;8;0
1008;1;0
1008;2;0
1008;3;0
1008;4;0
1008;5;0
1008;6;0
1008;7;0
1008;8;0
1009;1;0
1009;2;1
1009;3;0
1009;4;0
1009;5;0
1009;6;0
1009;7;0
1009;8;0
1010;1;0
1010;2;0
1010;3;1
1010;4;1
1010;5;0
1010;6;0
1010;7;0
1010;8;0
1011;1;0
1011;2;0
1011;3;0
1011;4;1
1011;5;0
1011;6;0
1011;7;0
1011;8;0
1012;1;0
1012;2;0
1012;3;0
1012;4;0
1012;5;0
1012;6;0
1012;7;0
1012;8;0
1013;1;0
1013;2;0
1013;3;0
1013;4;0
1013;5;0
1013;6;1
1013;7;0
1013;8;0
1014;1;0
1014;2;0
1014;3;0
1014;4;0
1014;5;0
1014;6;0
1014;7;0
1014;8;0
1015;1;0
1015;2;0
1015;3;0
1015;4;0
1015;5;0
1015;6;0
1015;7;1
1015;8;0
1016;1;0
1016;2;0
1016;3;0
1016;4;0
1016;5;0
1016;6;0
1016;7;0
1016;8;0
1017;1;0
1017;2;0
1017;3;0
1017;4;0
1017;5;0
1017;6;1
1017;7;0
1017;8;0
1018;1;0
1018;2;0
1018;3;0
1018;4;1
1018;5;1
1018;6;1
1018;7;0
1018;8;1
1019;1;0
1019;2;0
1019;3;0
1019;4;0
1019;5;0
1019;6;0
1019;7;0
1019;8;0
1020;1;0
1020;2;0
1020;3;0
1020;4;0
1020;5;1
1020;6;0
1020;7;0
1020;8;0
1021;1;0
1021;2;0
1021;3;0
1021;4;0
1021;5;0
1021;6;0
1021;7;0
1021;8;0
1022;1;0
1022;2;1
1022;3;0
1022;4;0
1022;5;0
1022;6;0
1022;7;0
1022;8;0
1023;1;0
1023;2;0
1023;3;0
1023;4;0
1023;5;0
1023;6;1
1023;7;0
1023;8;0
1024;1;0
1024;2;1
1024;3;1
1024;4;0
1024;5;1
1024;6;0
1024;7;0
1024;8;0
1025;1;0
1025;2;0
1025;3;0
1025;4;1
1025;5;0
1025;6;0
1025;7;0
1025;8;0
1026;1;0
1026;2;0
1026;3;0
1026;4;1
1026;5;0
1026;6;1
1026;7;0
1026;8;0
1027;1;0
1027;2;0
1027;3;0
1027;4;0
1027;5;1
1027;6;0
1027;7;0
1027;8;1
1028;1;0
1028;2;0
1028;3;1
1028;4;0
1028;5;1
1028;6;1
1028;7;0
1028;8;0
1029;1;0
1029;2;0
1029;3;0
1029;4;0
1029;5;0
1029;6;0
1029;7;1
1029;8;0
1030;1;0
1030;2;0
1030;3;0
1030;4;1
1030;5;0
1030;6;1
1030;7;0
1030;8;0
1031;1;0
1031;2;0
1031;3;1
1031;4;0
1031;5;0
1031;6;0
1031;7;0
1031;8;0
1032;1;0
1032;2;0
1032;3;0
1032;4;0
1032;5;1
1032;6;0
1032;7;0
1032;8;0
1033;1;1
1033;2;0
1033;3;0
1033;4;1
1033;5;0
1033;6;0
1033;7;0
1033;8;0
1034;1;0
1034;2;0
1034;3;0
1034;4;0
1034;5;0
1034;6;1
1034;7;0
1034;8;0
1035;1;0
1035;2;0
1035;3;0
1035;4;0
1035;5;0
1035;6;0
1035;7;0
1035;8;0
1036;1;0
1036;2;0
1036;3;0
1036;4;0
1036;5;0
1036;6;0
1036;7;0
1036;8;0
1037;1;0
1037;2;0
1037;3;0
1037;4;0
1037;5;0
1037;6;1
1037;7;0
1037;8;0
1038;1;0
1038;2;0
1038;3;0
1038;4;0
1038;5;0
1038;6;0
1038;7;0
1038;8;0
1039;1;0
1039;2;0
1039;3;0
1039;4;1
1039;5;0
1039;6;0
1039;7;0
1039;8;0
1040;1;0
1040;2;0
1040;3;0
1040;4;0
1040;5;0
1040;6;0
1040;7;0
1040;8;0
1041;1;0
1041;2;0
1041;3;1
1041;4;0
1041;5;0
1041;6;0
1041;7;0
1041;8;0
1042;1;0
1042;2;0
1042;3;0
1042;4;0
1042;5;0
1042;6;0
1042;7;0
1042;8;0
1043;1;0
1043;2;0
1043;3;0
1043;4;0
1043;5;1
1043;6;0
1043;7;0
1043;8;0
1044;1;0
1044;2;0
1044;3;0
1044;4;0
1044;5;0
1044;6;0
1044;7;0
1044;8;0
1045;1;0
1045;2;0
1045;3;0
1045;4;0
1045;5;1
1045;6;0
1045;7;0
1045;8;0
1046;1;0
1046;2;0
1046;3;0
1046;4;1
1046;5;0
1046;6;0
1046;7;0
1046;8;1
1047;1;0
1047;2;0
1047;3;0
1047;4;0
1047;5;0
1047;6;0
1047;7;0
1047;8;0
1048;1;0
1048;2;0
1048;3;0
1048;4;0
1048;5;0
1048;6;0
1048;7;0
1048;8;0
1049;1;0
1049;2;0
1049;3;0
1049;4;0
1049;5;0
1049;6;1
1049;7;0
1049;8;0
1050;1;0
1050;2;0
1050;3;0
1050;4;1
1050;5;0
1050;6;0
1050;7;1
1050;8;0
1051;1;0
1051;2;0
1051;3;0
1051;4;0
1051;5;0
1051;6;0
1051;7;0
1051;8;0
1052;1;1
1052;2;0
1052;3;0
1052;4;1
1052;5;1
1052;6;1
1052;7;0
1052;8;0
1053;1;0
1053;2;0
1053;3;0
1053;4;1
1053;5;0
1053;6;0
1053;7;0
1053;8;0
1054;1;0
1054;2;0
1054;3;0
1054;4;0
1054;5;0
1054;6;1
1054;7;0
1054;8;0
1055;1;0
1055;2;0
1055;3;0
1055;4;0
1055;5;0
1055;6;0
1055;7;1
1055;8;0
1056;1;0
1056;2;0
1056;3;0
1056;4;0
1056;5;0
1056;6;0
1056;7;0
1056;8;0
1057;1;0
1057;2;0
1057;3;0
1057;4;0
1057;5;1
1057;6;0
1057;7;0
1057;8;0
1058;1;0
1058;2;0
1058;3;0
1058;4;0
1058;5;0
1058;6;0
1058;7;0
1058;8;0
1059;1;0
1059;2;0
1059;3;0
1059;4;0
1059;5;0
1059;6;0
1059;7;0
1059;8;0
1060;1;0
1060;2;0
1060;3;0
1060;4;0
1060;5;1
1060;6;1
1060;7;0
1060;8;0
1061;1;0
1061;2;0
1061;3;0
1061;4;0
1061;5;1
1061;6;0
1061;7;0
1061;8;0
1062;1;0
1062;2;0
1062;3;0
1062;4;0
1062;5;0
1062;6;1
1062;7;0
1062;8;0
1063;1;0
1063;2;0
1063;3;0
1063;4;0
1063;5;0
1063;6;0
1063;7;0
1063;8;0
1064;1;0
1064;2;0
1064;3;0
1064;4;0
1064;5;0
1064;6;0
1064;7;0
1064;8;0
1065;1;0
1065;2;0
1065;3;0
1065;4;0
1065;5;0
1065;6;0
1065;7;0
1065;8;0
1066;1;0
1066;2;0
1066;3;0
1066;4;0
1066;5;0
1066;6;0
1066;7;0
1066;8;0
1067;1;0
1067;2;0
1067;3;0
1067;4;1
1067;5;0
1067;6;0
1067;7;1
1067;8;0
1068;1;0
1068;2;0
1068;3;0
1068;4;0
1068;5;1
1068;6;0
1068;7;1
1068;8;1
1069;1;0
1069;2;0
1069;3;0
1069;4;0
1069;5;0
1069;6;0
1069;7;1
1069;8;0
1070;1;0
1070;2;0
1070;3;0
1070;4;1
1070;5;0
1070;6;1
1070;7;0
1070;8;0
1071;1;0
1071;2;0
1071;3;0
1071;4;1
1071;5;1
1071;6;1
1071;7;0
1071;8;0
1072;1;0
1072;2;0
1072;3;0
1072;4;1
1072;5;0
1072;6;1
1072;7;0
1072;8;0
1073;1;0
1073;2;0
1073;3;0
1073;4;0
1073;5;0
1073;6;0
1073;7;0
1073;8;0
1074;1;0
1074;2;0
1074;3;0
1074;4;0
1074;5;0
1074;6;0
1074;7;0
1074;8;0
1075;1;0
1075;2;0
1075;3;0
1075;4;0
1075;5;0
1075;6;0
1075;7;1
1075;8;0
1076;1;0
1076;2;0
1076;3;0
1076;4;0
1076;5;1
1076;6;0
1076;7;0
1076;8;0
1077;1;0
1077;2;0
1077;3;0
1077;4;0
1077;5;1
1077;6;0
1077;7;0
1077;8;0
1078;1;1
1078;2;0
1078;3;0
1078;4;0
1078;5;0
1078;6;0
1078;7;0
1078;8;0
1079;1;0
1079;2;0
1079;3;0
1079;4;0
1079;5;0
1079;6;0
1079;7;0
1079;8;1
1080;1;0
1080;2;0
1080;3;0
1080;4;0
1080;5;0
1080;6;1
1080;7;0
1080;8;0
1081;1;0
1081;2;0
1081;3;0
1081;4;0
1081;5;1
1081;6;0
1081;7;1
1081;8;0
1082;1;0
1082;2;0
1082;3;0
1082;4;0
1082;5;0
1082;6;0
1082;7;0
1082;8;0
1083;1;0
1083;2;0
1083;3;0
1083;4;0
1083;5;0
1083;6;1
1083;7;1
1083;8;0
1084;1;1
1084;2;0
1084;3;0
1084;4;0
1084;5;1
1084;6;0
1084;7;1
1084;8;0
1085;1;0
1085;2;0
1085;3;0
1085;4;1
1085;5;0
1085;6;0
1085;7;0
1085;8;0
1086;1;0
1086;2;0
1086;3;0
1086;4;0
1086;5;1
1086;6;0
1086;7;0
1086;8;0
1087;1;0
1087;2;0
1087;3;1
1087;4;0
1087;5;0
1087;6;0
1087;7;0
1087;8;0
1088;1;0
1088;2;0
1088;3;0
1088;4;0
1088;5;0
1088;6;1
1088;7;0
1088;8;0
1089;1;0
1089;2;0
1089;3;0
1089;4;1
1089;5;0
1089;6;0
1089;7;0
1089;8;1
1090;1;0
1090;2;0
1090;3;0
1090;4;1
1090;5;1
1090;6;1
1090;7;0
1090;8;0
1091;1;0
1091;2;0
1091;3;0
1091;4;0
1091;5;0
1091;6;0
1091;7;0
1091;8;0
1092;1;0
1092;2;0
1092;3;0
1092;4;0
1092;5;0
1092;6;1
1092;7;0
1092;8;0
1093;1;0
1093;2;0
1093;3;0
1093;4;0
1093;5;1
1093;6;1
1093;7;0
1093;8;0
1094;1;0
1094;2;0
1094;3;0
1094;4;0
1094;5;1
1094;6;0
1094;7;0
1094;8;0
1095;1;0
1095;2;0
1095;3;0
1095;4;0
1095;5;0
1095;6;0
1095;7;0
1095;8;1
1096;1;0
1096;2;0
1096;3;0
1096;4;1
1096;5;0
1096;6;0
1096;7;0
1096;8;0
1097;1;0
1097;2;0
1097;3;0
1097;4;0
1097;5;0
1097;6;1
1097;7;1
1097;8;0
1098;1;0
1098;2;0
1098;3;0
1098;4;0
1098;5;0
1098;6;0
1098;7;1
1098;8;0
1099;1;0
1099;2;0
1099;3;0
1099;4;0
1099;5;0
1099;6;0
1099;7;0
1099;8;0
1100;1;0
1100;2;0
1100;3;0
1100;4;1
1100;5;1
1100;6;0
1100;7;0
1100;8;0
1101;1;0
1101;2;0
1101;3;0
1101;4;0
1101;5;0
1101;6;0
1101;7;0
1101;8;0
1102;1;0
1102;2;0
1102;3;0
1102;4;0
1102;5;0
1102;6;1
1102;7;0
1102;8;0
1103;1;0
1103;2;0
1103;3;0
1103;4;1
1103;5;1
1103;6;0
1103;7;0
1103;8;0
1104;1;0
1104;2;0
1104;3;0
1104;4;0
1104;5;0
1104;6;1
1104;7;0
1104;8;0
1105;1;0
1105;2;0
1105;3;0
1105;4;0
1105;5;0
1105;6;1
1105;7;0
1105;8;0
1106;1;0
1106;2;0
1106;3;0
1106;4;1
1106;5;0
1106;6;0
1106;7;0
1106;8;0
1107;1;0
1107;2;0
1107;3;0
1107;4;0
1107;5;1
1107;6;0
1107;7;0
1107;8;0
1108;1;1
1108;2;0
1108;3;0
1108;4;0
1108;5;0
1108;6;0
1108;7;0
1108;8;0
1109;1;0
1109;2;0
1109;3;0
1109;4;0
1109;5;1
1109;6;0
1109;7;0
1109;8;0
1110;1;0
1110;2;0
1110;3;1
1110;4;0
1110;5;1
1110;6;0
1110;7;0
1110;8;0
1111;1;0
1111;2;0
1111;3;0
1111;4;1
1111;5;0
1111;6;0
1111;7;0
1111;8;0
1112;1;0
1112;2;0
1112;3;0
1112;4;0
1112;5;0
1112;6;0
1112;7;1
1112;8;0
1113;1;0
1113;2;0
1113;3;0
1113;4;0
1113;5;0
1113;6;0
1113;7;0
1113;8;0
1114;1;0
1114;2;0
1114;3;0
1114;4;0
1114;5;0
1114;6;0
1114;7;0
1114;8;0
1115;1;0
1115;2;0
1115;3;0
1115;4;0
1115;5;0
1115;6;0
1115;7;0
1115;8;0
1116;1;0
1116;2;0
1116;3;0
1116;4;0
1116;5;0
1116;6;0
1116;7;0
1116;8;0
1117;1;0
1117;2;0
1117;3;0
1117;4;0
1117;5;0
1117;6;0
1117;7;0
1117;8;0
1118;1;0
1118;2;0
1118;3;0
1118;4;1
1118;5;0
1118;6;0
1118;7;0
1118;8;0
1119;1;0
1119;2;0
1119;3;0
1119;4;0
1119;5;0
1119;6;1
1119;7;0
1119;8;0
1120;1;0
1120;2;0
1120;3;1
1120;4;1
1120;5;0
1120;6;0
1120;7;0
1120;8;0
1121;1;0
1121;2;0
1121;3;0
1121;4;0
1121;5;1
1121;6;0
1121;7;0
1121;8;0
1122;1;0
1122;2;0
1122;3;0
1122;4;0
1122;5;0
1122;6;0
1122;7;0
1122;8;0
1123;1;0
1123;2;0
1123;3;0
1123;4;0
1123;5;0
1123;6;0
1123;7;0
1123;8;0
1124;1;0
1124;2;0
1124;3;0
1124;4;0
1124;5;0
1124;6;0
1124;7;0
1124;8;0
1125;1;0
1125;2;1
1125;3;0
1125;4;1
1125;5;0
1125;6;0
1125;7;0
1125;8;0
1126;1;0
1126;2;0
1126;3;0
1126;4;0
1126;5;0
1126;6;0
1126;7;0
1126;8;0
1127;1;0
1127;2;0
1127;3;0
1127;4;0
1127;5;0
1127;6;0
1127;7;0
1127;8;0
1128;1;0
1128;2;0
1128;3;0
1128;4;0
1128;5;0
1128;6;0
1128;7;0
1128;8;1
1129;1;0
1129;2;0
1129;3;0
1129;4;0
1129;5;0
1129;6;0
1129;7;0
1129;8;0
1130;1;1
1130;2;0
1130;3;0
1130;4;0
1130;5;0
1130;6;0
1130;7;0
1130;8;0
1131;1;0
1131;2;0
1131;3;1
1131;4;0
1131;5;0
1131;6;0
1131;7;0
1131;8;0
1132;1;0
1132;2;0
1132;3;0
1132;4;0
1132;5;0
1132;6;0
1132;7;0
1132;8;1
1133;1;0
1133;2;0
1133;3;1
1133;4;0
1133;5;0
1133;6;0
1133;7;0
1133;8;0
1134;1;0
1134;2;0
1134;3;0
1134;4;0
1134;5;0
1134;6;0
1134;7;0
1134;8;0
1135;1;0
1135;2;0
1135;3;0
1135;4;0
1135;5;0
1135;6;0
1135;7;0
1135;8;0
1136;1;0
1136;2;0
1136;3;0
1136;4;1
1136;5;0
1136;6;0
1136;7;0
1136;8;0
1137;1;0
1137;2;0
1137;3;0
1137;4;0
1137;5;0
1137;6;0
1137;7;0
1137;8;0
1138;1;0
1138;2;0
1138;3;0
1138;4;0
1138;5;0
1138;6;0
1138;7;0
1138;8;0
1139;1;0
1139;2;0
1139;3;0
1139;4;0
1139;5;0
1139;6;0
1139;7;0
1139;8;0
1140;1;0
1140;2;0
1140;3;0
1140;4;0
1140;5;0
1140;6;0
1140;7;0
1140;8;0
1141;1;0
1141;2;0
1141;3;0
1141;4;0
1141;5;0
1141;6;0
1141;7;0
1141;8;0
1142;1;0
1142;2;0
1142;3;0
1142;4;0
1142;5;0
1142;6;0
1142;7;0
1142;8;0
1143;1;1
1143;2;0
1143;3;0
1143;4;0
1143;5;0
1143;6;0
1143;7;0
1143;8;0
1144;1;0
1144;2;0
1144;3;0
1144;4;1
1144;5;0
1144;6;1
1144;7;0
1144;8;0
1145;1;0
1145;2;0
1145;3;0
1145;4;0
1145;5;0
1145;6;0
1145;7;0
1145;8;1
1146;1;0
1146;2;0
1146;3;0
1146;4;0
1146;5;0
1146;6;0
1146;7;1
1146;8;0
1147;1;0
1147;2;0
1147;3;1
1147;4;0
1147;5;1
1147;6;1
1147;7;0
1147;8;0
1148;1;0
1148;2;0
1148;3;0
1148;4;0
1148;5;0
1148;6;0
1148;7;0
1148;8;0
1149;1;0
1149;2;0
1149;3;0
1149;4;1
1149;5;1
1149;6;0
1149;7;0
1149;8;0
1150;1;0
1150;2;0
1150;3;0
1150;4;1
1150;5;0
1150;6;0
1150;7;0
1150;8;0
1151;1;0
1151;2;0
1151;3;0
1151;4;0
1151;5;0
1151;6;0
1151;7;0
1151;8;0
1152;1;0
1152;2;0
1152;3;0
1152;4;0
1152;5;0
1152;6;1
1152;7;0
1152;8;0
1153;1;0
1153;2;0
1153;3;0
1153;4;0
1153;5;0
1153;6;0
1153;7;1
1153;8;0
1154;1;0
1154;2;0
1154;3;0
1154;4;0
1154;5;0
1154;6;0
1154;7;1
1154;8;0
1155;1;0
1155;2;0
1155;3;0
1155;4;0
1155;5;0
1155;6;0
1155;7;0
1155;8;0
1156;1;0
1156;2;0
1156;3;0
1156;4;0
1156;5;1
1156;6;0
1156;7;0
1156;8;0
1157;1;0
1157;2;0
1157;3;0
1157;4;0
1157;5;0
1157;6;0
1157;7;0
1157;8;0
1158;1;0
1158;2;0
1158;3;0
1158;4;0
1158;5;0
1158;6;0
1158;7;0
1158;8;0
1159;1;0
1159;2;0
1159;3;0
1159;4;0
1159;5;0
1159;6;0
1159;7;0
1159;8;1
1160;1;0
1160;2;0
1160;3;0
1160;4;0
1160;5;0
1160;6;1
1160;7;0
1160;8;0
1161;1;0
1161;2;1
1161;3;0
1161;4;1
1161;5;0
1161;6;0
1161;7;0
1161;8;0
1162;1;0
1162;2;0
1162;3;0
1162;4;0
1162;5;0
1162;6;1
1162;7;0
1162;8;0
1163;1;0
1163;2;0
1163;3;0
1163;4;0
1163;5;1
1163;6;0
1163;7;1
1163;8;0
1164;1;0
1164;2;0
1164;3;0
1164;4;0
1164;5;0
1164;6;0
1164;7;0
1164;8;0
1165;1;0
1165;2;0
1165;3;0
1165;4;0
1165;5;0
1165;6;0
1165;7;0
1165;8;0
1166;1;0
1166;2;0
1166;3;0
1166;4;0
1166;5;0
1166;6;0
1166;7;0
1166;8;0
1167;1;0
1167;2;1
1167;3;0
1167;4;1
1167;5;0
1167;6;0
1167;7;0
1167;8;0
1168;1;0
1168;2;0
1168;3;0
1168;4;0
1168;5;0
1168;6;0
1168;7;1
1168;8;0
1169;1;0
1169;2;0
1169;3;0
1169;4;1
1169;5;0
1169;6;0
1169;7;0
1169;8;0
1170;1;0
1170;2;0
1170;3;0
1170;4;0
1170;5;0
1170;6;0
1170;7;0
1170;8;0
1171;1;0
1171;2;0
1171;3;0
1171;4;0
1171;5;0
1171;6;1
1171;7;0
1171;8;0
1172;1;0
1172;2;0
1172;3;0
1172;4;0
1172;5;1
1172;6;0
1172;7;0
1172;8;0
1173;1;0
1173;2;0
1173;3;0
1173;4;0
1173;5;0
1173;6;0
1173;7;1
1173;8;0
1174;1;0
1174;2;0
1174;3;0
1174;4;0
1174;5;1
1174;6;0
1174;7;0
1174;8;0
1175;1;0
1175;2;0
1175;3;0
1175;4;1
1175;5;0
1175;6;1
1175;7;0
1175;8;1
1176;1;0
1176;2;0
1176;3;1
1176;4;0
1176;5;1
1176;6;0
1176;7;0
1176;8;1
1177;1;0
1177;2;0
1177;3;0
1177;4;0
1177;5;0
1177;6;0
1177;7;0
1177;8;0
1178;1;0
1178;2;0
1178;3;0
1178;4;0
1178;5;0
1178;6;0
1178;7;0
1178;8;0
1179;1;0
1179;2;0
1179;3;0
1179;4;0
1179;5;0
1179;6;0
1179;7;0
1179;8;0
1180;1;0
1180;2;0
1180;3;0
1180;4;0
1180;5;0
1180;6;0
1180;7;0
1180;8;0
1181;1;0
1181;2;0
1181;3;0
1181;4;0
1181;5;0
1181;6;0
1181;7;1
1181;8;0
1182;1;0
1182;2;0
1182;3;0
1182;4;0
1182;5;0
1182;6;0
1182;7;0
1182;8;0
1183;1;0
1183;2;0
1183;3;0
1183;4;0
1183;5;0
1183;6;1
1183;7;0
1183;8;0
1184;1;0
1184;2;0
1184;3;1
1184;4;0
1184;5;0
1184;6;0
1184;7;0
1184;8;0
1185;1;0
1185;2;0
1185;3;0
1185;4;1
1185;5;0
1185;6;0
1185;7;0
1185;8;0
1186;1;0
1186;2;0
1186;3;0
1186;4;0
1186;5;0
1186;6;0
1186;7;0
1186;8;0
1187;1;0
1187;2;0
1187;3;0
1187;4;1
1187;5;0
1187;6;0
1187;7;0
1187;8;1
1188;1;0
1188;2;0
1188;3;0
1188;4;0
1188;5;0
1188;6;0
1188;7;0
1188;8;0
1189;1;0
1189;2;0
1189;3;0
1189;4;1
1189;5;0
1189;6;0
1189;7;0
1189;8;0
1190;1;0
1190;2;0
1190;3;1
1190;4;0
1190;5;0
1190;6;0
1190;7;0
1190;8;0
1191;1;0
1191;2;0
1191;3;0
1191;4;0
1191;5;0
1191;6;0
1191;7;0
1191;8;0
1192;1;0
1192;2;0
1192;3;0
1192;4;1
1192;5;0
1192;6;0
1192;7;0
1192;8;0
1193;1;0
1193;2;0
1193;3;0
1193;4;0
1193;5;1
1193;6;0
1193;7;0
1193;8;0
1194;1;0
1194;2;0
1194;3;0
1194;4;0
1194;5;0
1194;6;1
1194;7;0
1194;8;0
1195;1;0
1195;2;0
1195;3;0
1195;4;0
1195;5;0
1195;6;0
1195;7;0
1195;8;0
1196;1;0
1196;2;0
1196;3;0
1196;4;0
1196;5;0
1196;6;0
1196;7;0
1196;8;0
1197;1;1
1197;2;0
1197;3;0
1197;4;0
1197;5;0
1197;6;0
1197;7;0
1197;8;0
1198;1;0
1198;2;0
1198;3;0
1198;4;1
1198;5;0
1198;6;1
1198;7;1
1198;8;0
1199;1;0
1199;2;0
1199;3;0
1199;4;0
1199;5;0
1199;6;0
1199;7;0
1199;8;0
1200;1;0
1200;2;0
1200;3;0
1200;4;0
1200;5;0
1200;6;1
1200;7;0
1200;8;0
1201;1;0
1201;2;0
1201;3;0
1201;4;0
1201;5;1
1201;6;0
1201;7;0
1201;8;0
1202;1;0
1202;2;0
1202;3;0
1202;4;0
1202;5;0
1202;6;1
1202;7;0
1202;8;0
1203;1;0
1203;2;1
1203;3;1
1203;4;0
1203;5;0
1203;6;0
1203;7;0
1203;8;0
1204;1;0
1204;2;0
1204;3;0
1204;4;0
1204;5;0
1204;6;0
1204;7;1
1204;8;0
1205;1;0
1205;2;0
1205;3;0
1205;4;0
1205;5;0
1205;6;0
1205;7;0
1205;8;0
1206;1;0
1206;2;0
1206;3;0
1206;4;0
1206;5;0
1206;6;0
1206;7;0
1206;8;0
1207;1;0
1207;2;0
1207;3;0
1207;4;0
1207;5;0
1207;6;0
1207;7;0
1207;8;0
1208;1;0
1208;2;0
1208;3;1
1208;4;0
1208;5;0
1208;6;0
1208;7;0
1208;8;0
1209;1;0
1209;2;0
1209;3;0
1209;4;0
1209;5;0
1209;6;0
1209;7;1
1209;8;0
1210;1;0
1210;2;0
1210;3;0
1210;4;0
1210;5;1
1210;6;0
1210;7;0
1210;8;0
1211;1;0
1211;2;0
1211;3;0
1211;4;0
1211;5;0
1211;6;0
1211;7;1
1211;8;0
1212;1;0
1212;2;0
1212;3;0
1212;4;0
1212;5;0
1212;6;0
1212;7;0
1212;8;0
1213;1;0
1213;2;0
1213;3;0
1213;4;0
1213;5;0
1213;6;0
1213;7;0
1213;8;0
1214;1;0
1214;2;0
1214;3;0
1214;4;0
1214;5;0
1214;6;0
1214;7;0
1214;8;0
1215;1;0
1215;2;0
1215;3;0
1215;4;1
1215;5;1
1215;6;0
1215;7;0
1215;8;0
1216;1;0
1216;2;0
1216;3;0
1216;4;1
1216;5;1
1216;6;0
1216;7;0
1216;8;0
1217;1;0
1217;2;0
1217;3;0
1217;4;0
1217;5;0
1217;6;0
1217;7;1
1217;8;0
1218;1;0
1218;2;0
1218;3;0
1218;4;0
1218;5;0
1218;6;0
1218;7;0
1218;8;0
1219;1;0
1219;2;0
1219;3;0
1219;4;0
1219;5;0
1219;6;0
1219;7;0
1219;8;0
1220;1;0
1220;2;0
1220;3;0
1220;4;0
1220;5;0
1220;6;0
1220;7;0
1220;8;0
1221;1;0
1221;2;0
1221;3;0
1221;4;0
1221;5;0
1221;6;1
1221;7;1
1221;8;0
1222;1;0
1222;2;0
1222;3;0
1222;4;1
1222;5;0
1222;6;0
1222;7;0
1222;8;0
1223;1;0
1223;2;0
1223;3;1
1223;4;0
1223;5;0
1223;6;0
1223;7;0
1223;8;0
1224;1;0
1224;2;0
1224;3;0
1224;4;1
1224;5;0
1224;6;1
1224;7;0
1224;8;0
1225;1;0
1225;2;0
1225;3;0
1225;4;1
1225;5;1
1225;6;0
1225;7;0
1225;8;0
1226;1;0
1226;2;0
1226;3;0
1226;4;0
1226;5;0
1226;6;0
1226;7;0
1226;8;0
1227;1;0
1227;2;0
1227;3;0
1227;4;0
1227;5;0
1227;6;0
1227;7;0
1227;8;0
1228;1;0
1228;2;0
1228;3;0
1228;4;0
1228;5;1
1228;6;0
1228;7;0
1228;8;0
1229;1;0
1229;2;0
1229;3;0
1229;4;0
1229;5;0
1229;6;1
1229;7;0
1229;8;0
1230;1;0
1230;2;0
1230;3;0
1230;4;0
1230;5;0
1230;6;0
1230;7;0
1230;8;0
1231;1;0
1231;2;0
1231;3;0
1231;4;0
1231;5;0
1231;6;0
1231;7;0
1231;8;0
1232;1;0
1232;2;0
1232;3;0
1232;4;0
1232;5;0
1232;6;0
1232;7;1
1232;8;0
1233;1;0
1233;2;0
1233;3;0
1233;4;0
1233;5;0
1233;6;0
1233;7;0
1233;8;0
1234;1;0
1234;2;0
1234;3;0
1234;4;0
1234;5;0
1234;6;1
1234;7;0
1234;8;0
1235;1;0
1235;2;0
1235;3;0
1235;4;0
1235;5;0
1235;6;0
1235;7;0
1235;8;0
1236;1;0
1236;2;0
1236;3;0
1236;4;0
1236;5;0
1236;6;0
1236;7;0
1236;8;0
1237;1;0
1237;2;0
1237;3;0
1237;4;0
1237;5;0
1237;6;0
1237;7;0
1237;8;0
1238;1;0
1238;2;0
1238;3;0
1238;4;0
1238;5;0
1238;6;0
1238;7;0
1238;8;0
1239;1;0
1239;2;0
1239;3;0
1239;4;0
1239;5;0
1239;6;1
1239;7;0
1239;8;0
1240;1;0
1240;2;0
1240;3;0
1240;4;0
1240;5;0
1240;6;0
1240;7;0
1240;8;0
1241;1;0
1241;2;0
1241;3;0
1241;4;0
1241;5;0
1241;6;0
1241;7;1
1241;8;0
1242;1;0
1242;2;0
1242;3;0
1242;4;0
1242;5;0
1242;6;0
1242;7;1
1242;8;0
1243;1;0
1243;2;0
1243;3;1
1243;4;0
1243;5;1
1243;6;0
1243;7;0
1243;8;0
1244;1;0
1244;2;0
1244;3;0
1244;4;0
1244;5;1
1244;6;0
1244;7;1
1244;8;0
1245;1;0
1245;2;0
1245;3;0
1245;4;1
1245;5;0
1245;6;1
1245;7;0
1245;8;0
1246;1;0
1246;2;0
1246;3;0
1246;4;0
1246;5;0
1246;6;0
1246;7;0
1246;8;0
1247;1;0
1247;2;0
1247;3;0
1247;4;0
1247;5;0
1247;6;0
1247;7;0
1247;8;0
1248;1;0
1248;2;0
1248;3;0
1248;4;0
1248;5;0
1248;6;0
1248;7;0
1248;8;0
1249;1;0
1249;2;0
1249;3;0
1249;4;1
1249;5;0
1249;6;0
1249;7;0
1249;8;0
1250;1;0
1250;2;0
1250;3;0
1250;4;1
1250;5;0
1250;6;0
1250;7;0
1250;8;0
1251;1;0
1251;2;0
1251;3;0
1251;4;0
1251;5;1
1251;6;0
1251;7;0
1251;8;0
1252;1;0
1252;2;0
1252;3;0
1252;4;0
1252;5;0
1252;6;0
1252;7;0
1252;8;0
1253;1;0
1253;2;0
1253;3;0
1253;4;1
1253;5;0
1253;6;0
1253;7;1
1253;8;0
1254;1;0
1254;2;0
1254;3;0
1254;4;0
1254;5;1
1254;6;0
1254;7;1
1254;8;0
1255;1;0
1255;2;0
1255;3;0
1255;4;0
1255;5;0
1255;6;1
1255;7;0
1255;8;0
1256;1;0
1256;2;0
1256;3;0
1256;4;0
1256;5;0
1256;6;0
1256;7;0
1256;8;0
1257;1;0
1257;2;0
1257;3;0
1257;4;0
1257;5;0
1257;6;0
1257;7;0
1257;8;0
1258;1;0
1258;2;0
1258;3;0
1258;4;0
1258;5;0
1258;6;0
1258;7;0
1258;8;0
1259;1;0
1259;2;0
1259;3;0
1259;4;0
1259;5;0
1259;6;0
1259;7;0
1259;8;0
1260;1;0
1260;2;1
1260;3;0
1260;4;0
1260;5;0
1260;6;1
1260;7;0
1260;8;0
1261;1;0
1261;2;0
1261;3;0
1261;4;0
1261;5;0
1261;6;0
1261;7;0
1261;8;0
1262;1;0
1262;2;0
1262;3;0
1262;4;0
1262;5;1
1262;6;0
1262;7;0
1262;8;0
1263;1;0
1263;2;1
1263;3;0
1263;4;1
1263;5;1
1263;6;0
1263;7;0
1263;8;1
1264;1;0
1264;2;0
1264;3;0
1264;4;0
1264;5;1
1264;6;0
1264;7;1
1264;8;0
1265;1;0
1265;2;0
1265;3;0
1265;4;0
1265;5;1
1265;6;0
1265;7;0
1265;8;0
1266;1;0
1266;2;0
1266;3;0
1266;4;0
1266;5;0
1266;6;0
1266;7;0
1266;8;1
1267;1;0
1267;2;0
1267;3;0
1267;4;0
1267;5;0
1267;6;0
1267;7;0
1267;8;0
1268;1;0
1268;2;0
1268;3;0
1268;4;0
1268;5;0
1268;6;0
1268;7;0
1268;8;0
1269;1;0
1269;2;0
1269;3;0
1269;4;0
1269;5;0
1269;6;0
1269;7;0
1269;8;0
1270;1;0
1270;2;0
1270;3;0
1270;4;0
1270;5;1
1270;6;0
1270;7;0
1270;8;0
1271;1;0
1271;2;0
1271;3;1
1271;4;0
1271;5;0
1271;6;0
1271;7;0
1271;8;0
1272;1;0
1272;2;0
1272;3;0
1272;4;0
1272;5;0
1272;6;0
1272;7;0
1272;8;0
1273;1;0
1273;2;0
1273;3;0
1273;4;0
1273;5;0
1273;6;1
1273;7;0
1273;8;0
1274;1;0
1274;2;0
1274;3;0
1274;4;1
1274;5;1
1274;6;0
1274;7;0
1274;8;0
1275;1;0
1275;2;0
1275;3;0
1275;4;0
1275;5;1
1275;6;0
1275;7;0
1275;8;0
1276;1;0
1276;2;0
1276;3;0
1276;4;0
1276;5;0
1276;6;0
1276;7;1
1276;8;0
1277;1;0
1277;2;0
1277;3;0
1277;4;0
1277;5;1
1277;6;0
1277;7;0
1277;8;1
1278;1;0
1278;2;0
1278;3;0
1278;4;0
1278;5;0
1278;6;1
1278;7;0
1278;8;0
1279;1;0
1279;2;0
1279;3;0
1279;4;0
1279;5;1
1279;6;0
1279;7;0
1279;8;1
1280;1;0
1280;2;0
1280;3;0
1280;4;1
1280;5;1
1280;6;0
1280;7;0
1280;8;0
1281;1;0
1281;2;0
1281;3;0
1281;4;1
1281;5;1
1281;6;0
1281;7;0
1281;8;0
1282;1;0
1282;2;0
1282;3;0
1282;4;0
1282;5;0
1282;6;0
1282;7;0
1282;8;0
1283;1;0
1283;2;0
1283;3;0
1283;4;0
1283;5;1
1283;6;0
1283;7;0
1283;8;0
1284;1;0
1284;2;0
1284;3;0
1284;4;0
1284;5;0
1284;6;1
1284;7;0
1284;8;0
1285;1;0
1285;2;0
1285;3;0
1285;4;0
1285;5;0
1285;6;0
1285;7;0
1285;8;0
1286;1;0
1286;2;0
1286;3;0
1286;4;0
1286;5;0
1286;6;1
1286;7;1
1286;8;1
1287;1;1
1287;2;0
1287;3;0
1287;4;0
1287;5;1
1287;6;0
1287;7;0
1287;8;0
1288;1;0
1288;2;0
1288;3;0
1288;4;0
1288;5;0
1288;6;0
1288;7;0
1288;8;0
1289;1;0
1289;2;0
1289;3;0
1289;4;0
1289;5;1
1289;6;0
1289;7;0
1289;8;0
1290;1;0
1290;2;0
1290;3;0
1290;4;0
1290;5;0
1290;6;0
1290;7;0
1290;8;0
1291;1;0
1291;2;0
1291;3;0
1291;4;0
1291;5;0
1291;6;0
1291;7;0
1291;8;0
1292;1;0
1292;2;0
1292;3;0
1292;4;0
1292;5;0
1292;6;1
1292;7;0
1292;8;0
1293;1;0
1293;2;0
1293;3;0
1293;4;0
1293;5;0
1293;6;0
1293;7;0
1293;8;0
1294;1;0
1294;2;0
1294;3;0
1294;4;0
1294;5;0
1294;6;0
1294;7;0
1294;8;0
1295;1;0
1295;2;0
1295;3;0
1295;4;1
1295;5;0
1295;6;0
1295;7;0
1295;8;0
1296;1;0
1296;2;0
1296;3;1
1296;4;1
1296;5;1
1296;6;1
1296;7;0
1296;8;0
1297;1;0
1297;2;0
1297;3;0
1297;4;1
1297;5;1
1297;6;0
1297;7;1
1297;8;1
1298;1;0
1298;2;0
1298;3;0
1298;4;0
1298;5;0
1298;6;0
1298;7;1
1298;8;0
1299;1;0
1299;2;0
1299;3;0
1299;4;0
1299;5;0
1299;6;0
1299;7;1
1299;8;0
1300;1;0
1300;2;0
1300;3;0
1300;4;0
1300;5;0
1300;6;1
1300;7;0
1300;8;0
1301;1;0
1301;2;0
1301;3;0
1301;4;0
1301;5;0
1301;6;0
1301;7;0
1301;8;0
1302;1;0
1302;2;0
1302;3;0
1302;4;0
1302;5;0
1302;6;0
1302;7;0
1302;8;0
1303;1;0
1303;2;0
1303;3;0
1303;4;0
1303;5;1
1303;6;0
1303;7;0
1303;8;1
1304;1;0
1304;2;0
1304;3;0
1304;4;0
1304;5;0
1304;6;0
1304;7;0
1304;8;0
1305;1;0
1305;2;0
1305;3;0
1305;4;0
1305;5;0
1305;6;0
1305;7;0
1305;8;0
1306;1;0
1306;2;0
1306;3;0
1306;4;0
1306;5;0
1306;6;0
1306;7;0
1306;8;0
1307;1;0
1307;2;0
1307;3;0
1307;4;0
1307;5;0
1307;6;0
1307;7;0
1307;8;0
1308;1;0
1308;2;0
1308;3;0
1308;4;0
1308;5;0
1308;6;0
1308;7;0
1308;8;0
1309;1;0
1309;2;0
1309;3;0
1309;4;0
1309;5;1
1309;6;0
1309;7;0
1309;8;0
1310;1;0
1310;2;0
1310;3;0
1310;4;0
1310;5;0
1310;6;0
1310;7;0
1310;8;0
1311;1;0
1311;2;0
1311;3;0
1311;4;0
1311;5;0
1311;6;0
1311;7;0
1311;8;0
1312;1;0
1312;2;0
1312;3;0
1312;4;0
1312;5;1
1312;6;0
1312;7;0
1312;8;0
1313;1;0
1313;2;0
1313;3;1
1313;4;1
1313;5;0
1313;6;0
1313;7;0
1313;8;0
1314;1;0
1314;2;0
1314;3;0
1314;4;1
1314;5;0
1314;6;0
1314;7;0
1314;8;1
1315;1;0
1315;2;0
1315;3;0
1315;4;0
1315;5;1
1315;6;0
1315;7;0
1315;8;0
1316;1;0
1316;2;0
1316;3;1
1316;4;0
1316;5;0
1316;6;0
1316;7;0
1316;8;0
1317;1;0
1317;2;0
1317;3;0
1317;4;0
1317;5;1
1317;6;0
1317;7;0
1317;8;0
1318;1;0
1318;2;0
1318;3;0
1318;4;1
1318;5;0
1318;6;0
1318;7;0
1318;8;0
1319;1;0
1319;2;0
1319;3;0
1319;4;0
1319;5;0
1319;6;0
1319;7;0
1319;8;0
1320;1;0
1320;2;1
1320;3;0
1320;4;0
1320;5;1
1320;6;0
1320;7;0
1320;8;0
1321;1;0
1321;2;0
1321;3;0
1321;4;0
1321;5;0
1321;6;1
1321;7;0
1321;8;0
1322;1;0
1322;2;0
1322;3;0
1322;4;1
1322;5;0
1322;6;0
1322;7;0
1322;8;0
1323;1;0
1323;2;0
1323;3;0
1323;4;0
1323;5;1
1323;6;0
1323;7;0
1323;8;0
1324;1;1
1324;2;0
1324;3;0
1324;4;0
1324;5;1
1324;6;1
1324;7;1
1324;8;0
1325;1;0
1325;2;0
1325;3;0
1325;4;0
1325;5;0
1325;6;1
1325;7;0
1325;8;0
1326;1;0
1326;2;0
1326;3;0
1326;4;0
1326;5;0
1326;6;0
1326;7;0
1326;8;0
1327;1;0
1327;2;0
1327;3;0
1327;4;0
1327;5;1
1327;6;0
1327;7;0
1327;8;0
1328;1;0
1328;2;0
1328;3;0
1328;4;0
1328;5;0
1328;6;0
1328;7;1
1328;8;0
1329;1;0
1329;2;0
1329;3;0
1329;4;0
1329;5;0
1329;6;0
1329;7;1
1329;8;0
1330;1;0
1330;2;0
1330;3;0
1330;4;0
1330;5;0
1330;6;1
1330;7;0
1330;8;0
1331;1;0
1331;2;0
1331;3;0
1331;4;0
1331;5;1
1331;6;0
1331;7;0
1331;8;0
1332;1;0
1332;2;0
1332;3;1
1332;4;0
1332;5;0
1332;6;0
1332;7;0
1332;8;1
1333;1;0
1333;2;0
1333;3;0
1333;4;0
1333;5;0
1333;6;1
1333;7;0
1333;8;0
1334;1;0
1334;2;0
1334;3;0
1334;4;0
1334;5;1
1334;6;0
1334;7;0
1334;8;0
1335;1;0
1335;2;0
1335;3;0
1335;4;0
1335;5;0
1335;6;0
1335;7;0
1335;8;0
1336;1;0
1336;2;0
1336;3;0
1336;4;0
1336;5;0
1336;6;0
1336;7;0
1336;8;0
1337;1;0
1337;2;0
1337;3;0
1337;4;0
1337;5;1
1337;6;1
1337;7;0
1337;8;1
1338;1;0
1338;2;0
1338;3;0
1338;4;0
1338;5;0
1338;6;0
1338;7;0
1338;8;0
1339;1;0
1339;2;0
1339;3;0
1339;4;1
1339;5;1
1339;6;0
1339;7;0
1339;8;1
1340;1;0
1340;2;0
1340;3;0
1340;4;0
1340;5;0
1340;6;1
1340;7;0
1340;8;0
1341;1;0
1341;2;0
1341;3;0
1341;4;0
1341;5;0
1341;6;0
1341;7;0
1341;8;0
1342;1;0
1342;2;0
1342;3;0
1342;4;1
1342;5;0
1342;6;0
1342;7;0
1342;8;0
1343;1;0
1343;2;0
1343;3;0
1343;4;1
1343;5;1
1343;6;0
1343;7;0
1343;8;0
1344;1;0
1344;2;1
1344;3;0
1344;4;1
1344;5;0
1344;6;0
1344;7;0
1344;8;0
1345;1;0
1345;2;0
1345;3;0
1345;4;0
1345;5;0
1345;6;0
1345;7;0
1345;8;1
1346;1;0
1346;2;0
1346;3;0
1346;4;0
1346;5;0
1346;6;0
1346;7;0
1346;8;0
1347;1;0
1347;2;0
1347;3;0
1347;4;0
1347;5;0
1347;6;0
1347;7;0
1347;8;1
1348;1;0
1348;2;0
1348;3;0
1348;4;0
1348;5;0
1348;6;0
1348;7;0
1348;8;1
1349;1;0
1349;2;0
1349;3;0
1349;4;0
1349;5;0
1349;6;0
1349;7;0
1349;8;0
1350;1;0
1350;2;0
1350;3;0
1350;4;0
1350;5;1
1350;6;0
1350;7;0
1350;8;0
1351;1;0
1351;2;0
1351;3;0
1351;4;0
1351;5;0
1351;6;0
1351;7;1
1351;8;0
1352;1;0
1352;2;0
1352;3;0
1352;4;0
1352;5;0
1352;6;0
1352;7;0
1352;8;0
1353;1;0
1353;2;0
1353;3;0
1353;4;0
1353;5;0
1353;6;1
1353;7;0
1353;8;0
1354;1;0
1354;2;0
1354;3;0
1354;4;1
1354;5;0
1354;6;0
1354;7;0
1354;8;0
1355;1;0
1355;2;0
1355;3;0
1355;4;0
1355;5;0
1355;6;0
1355;7;0
1355;8;1
1356;1;0
1356;2;0
1356;3;0
1356;4;0
1356;5;0
1356;6;0
1356;7;0
1356;8;0
1357;1;0
1357;2;0
1357;3;0
1357;4;0
1357;5;0
1357;6;0
1357;7;0
1357;8;0
1358;1;0
1358;2;0
1358;3;0
1358;4;0
1358;5;0
1358;6;0
1358;7;1
1358;8;0
1359;1;0
1359;2;0
1359;3;0
1359;4;1
1359;5;0
1359;6;0
1359;7;0
1359;8;0
1360;1;0
1360;2;0
1360;3;0
1360;4;0
1360;5;0
1360;6;0
1360;7;0
1360;8;0
1361;1;0
1361;2;0
1361;3;0
1361;4;0
1361;5;0
1361;6;0
1361;7;0
1361;8;0
1362;1;0
1362;2;0
1362;3;0
1362;4;0
1362;5;0
1362;6;0
1362;7;0
1362;8;0
1363;1;0
1363;2;0
1363;3;0
1363;4;0
1363;5;0
1363;6;0
1363;7;0
1363;8;1
1364;1;0
1364;2;0
1364;3;0
1364;4;0
1364;5;0
1364;6;1
1364;7;0
1364;8;0
1365;1;0
1365;2;0
1365;3;0
1365;4;0
1365;5;0
1365;6;0
1365;7;1
1365;8;0
1366;1;0
1366;2;0
1366;3;0
1366;4;0
1366;5;0
1366;6;0
1366;7;1
1366;8;0
1367;1;0
1367;2;0
1367;3;0
1367;4;0
1367;5;0
1367;6;1
1367;7;0
1367;8;0
1368;1;0
1368;2;0
1368;3;0
1368;4;0
1368;5;0
1368;6;0
1368;7;0
1368;8;0
1369;1;0
1369;2;0
1369;3;0
1369;4;1
1369;5;0
1369;6;0
1369;7;0
1369;8;1
1370;1;0
1370;2;0
1370;3;0
1370;4;0
1370;5;0
1370;6;0
1370;7;0
1370;8;0
1371;1;0
1371;2;0
1371;3;0
1371;4;0
1371;5;0
1371;6;0
1371;7;0
1371;8;0
1372;1;0
1372;2;0
1372;3;0
1372;4;1
1372;5;0
1372;6;0
1372;7;0
1372;8;0
1373;1;0
1373;2;0
1373;3;0
1373;4;0
1373;5;0
1373;6;0
1373;7;0
1373;8;0
1374;1;0
1374;2;0
1374;3;0
1374;4;1
1374;5;0
1374;6;0
1374;7;0
1374;8;1
1375;1;0
1375;2;0
1375;3;0
1375;4;0
1375;5;0
1375;6;0
1375;7;0
1375;8;0
1376;1;0
1376;2;0
1376;3;0
1376;4;0
1376;5;0
1376;6;1
1376;7;0
1376;8;0
1377;1;0
1377;2;0
1377;3;1
1377;4;0
1377;5;0
1377;6;0
1377;7;0
1377;8;1
1378;1;0
1378;2;0
1378;3;0
1378;4;0
1378;5;0
1378;6;1
1378;7;0
1378;8;1
1379;1;0
1379;2;0
1379;3;0
1379;4;0
1379;5;0
1379;6;0
1379;7;0
1379;8;0
1380;1;0
1380;2;0
1380;3;0
1380;4;0
1380;5;0
1380;6;1
1380;7;0
1380;8;0
1381;1;0
1381;2;0
1381;3;0
1381;4;0
1381;5;0
1381;6;0
1381;7;0
1381;8;0
1382;1;0
1382;2;0
1382;3;0
1382;4;0
1382;5;0
1382;6;0
1382;7;0
1382;8;0
1383;1;0
1383;2;0
1383;3;0
1383;4;0
1383;5;0
1383;6;1
1383;7;0
1383;8;1
1384;1;0
1384;2;1
1384;3;0
1384;4;0
1384;5;0
1384;6;0
1384;7;1
1384;8;0
1385;1;0
1385;2;0
1385;3;1
1385;4;0
1385;5;0
1385;6;0
1385;7;0
1385;8;0
1386;1;0
1386;2;0
1386;3;0
1386;4;0
1386;5;0
1386;6;0
1386;7;0
1386;8;0
1387;1;0
1387;2;0
1387;3;0
1387;4;1
1387;5;0
1387;6;0
1387;7;0
1387;8;0
1388;1;0
1388;2;0
1388;3;0
1388;4;0
1388;5;0
1388;6;1
1388;7;0
1388;8;0
1389;1;0
1389;2;0
1389;3;0
1389;4;0
1389;5;0
1389;6;1
1389;7;0
1389;8;1
1390;1;0
1390;2;0
1390;3;0
1390;4;0
1390;5;0
1390;6;0
1390;7;0
1390;8;0
1391;1;0
1391;2;0
1391;3;0
1391;4;0
1391;5;0
1391;6;0
1391;7;0
1391;8;1
1392;1;0
1392;2;0
1392;3;0
1392;4;0
1392;5;0
1392;6;0
1392;7;0
1392;8;0
1393;1;0
1393;2;0
1393;3;1
1393;4;0
1393;5;1
1393;6;1
1393;7;0
1393;8;0
1394;1;0
1394;2;0
1394;3;0
1394;4;0
1394;5;0
1394;6;1
1394;7;0
1394;8;0
1395;1;0
1395;2;0
1395;3;0
1395;4;0
1395;5;0
1395;6;0
1395;7;0
1395;8;0
1396;1;0
1396;2;0
1396;3;0
1396;4;0
1396;5;0
1396;6;0
1396;7;0
1396;8;1
1397;1;0
1397;2;0
1397;3;0
1397;4;1
1397;5;1
1397;6;0
1397;7;0
1397;8;0
1398;1;0
1398;2;0
1398;3;0
1398;4;0
1398;5;1
1398;6;0
1398;7;0
1398;8;0
1399;1;0
1399;2;0
1399;3;1
1399;4;0
1399;5;0
1399;6;0
1399;7;0
1399;8;0
1400;1;0
1400;2;0
1400;3;0
1400;4;0
1400;5;0
1400;6;0
1400;7;0
1400;8;0